-6000 6000 -6000 6000
833846582643277770638
40
-241.425467 308.659022
3000
4277.000000 2430.000000 1
-3825.000000 -3049.000000 1
-636.000000 4573.000000 1
3741.000000 1295.000000 1
658.000000 3056.000000 1
-2347.000000 -2896.000000 1
1519.000000 2263.000000 1
1880.000000 -3009.000000 1
-851.000000 2589.000000 1
-1137.000000 1972.000000 1
2134.000000 1753.000000 1
3357.000000 5277.000000 1
-4252.000000 3731.000000 1
1937.000000 4358.000000 1
587.000000 -2200.000000 1
-3872.000000 -904.000000 1
-4166.000000 -3120.000000 1
-814.000000 3936.000000 1
-4990.000000 4861.000000 1
4380.000000 -2479.000000 1
-1099.000000 -5242.000000 1
-466.000000 -948.000000 1
-1388.000000 4582.000000 1
2318.000000 4351.000000 1
4930.000000 -161.000000 1
-1883.000000 -1909.000000 1
-836.000000 5602.000000 1
2808.000000 395.000000 1
-1011.000000 4691.000000 1
1210.000000 1938.000000 1
-1252.000000 -760.000000 1
128.000000 3796.000000 1
2729.000000 2675.000000 1
-1515.000000 2760.000000 1
2201.000000 3489.000000 1
-114.000000 -2868.000000 1
5806.000000 641.000000 1
-2943.000000 -2262.000000 1
-486.000000 -1271.000000 1
-5582.000000 3770.000000 1
-3531.000000 5045.000000 1
78.000000 3431.000000 1
1709.000000 -2990.000000 1
5052.000000 2390.000000 1
3646.000000 379.000000 1
1904.000000 4772.000000 1
963.000000 -2975.000000 1
4322.000000 -2768.000000 1
2347.000000 3472.000000 1
-2498.000000 4857.000000 1
2671.000000 -4881.000000 1
2877.000000 -5655.000000 1
-1918.000000 -1112.000000 1
-1740.000000 -4942.000000 1
-2070.000000 2921.000000 1
-3956.000000 4792.000000 1
-1841.000000 5578.000000 1
-3022.000000 -3153.000000 1
5170.000000 -4527.000000 1
-3377.000000 2790.000000 1
448.000000 2002.000000 1
635.000000 -4667.000000 1
-5018.000000 4890.000000 1
718.000000 2643.000000 1
3783.000000 -3186.000000 1
4503.000000 2203.000000 1
-5588.000000 -848.000000 1
5648.000000 -1233.000000 1
3548.000000 3266.000000 1
-591.000000 -5779.000000 1
-5876.000000 2414.000000 1
-1724.000000 -3647.000000 1
4728.000000 -2843.000000 1
-2119.000000 4204.000000 1
434.000000 -3706.000000 1
-3653.000000 -4412.000000 1
-166.000000 4193.000000 1
1155.000000 -2436.000000 1
48.000000 1309.000000 1
3468.000000 965.000000 1
4006.000000 599.000000 1
-3418.000000 -5452.000000 1
-487.000000 -5812.000000 1
943.000000 -1530.000000 1
-4575.000000 2200.000000 1
-5794.000000 -254.000000 1
-4153.000000 1664.000000 1
-894.000000 -2914.000000 1
3383.000000 -4147.000000 1
-4085.000000 4677.000000 1
-3050.000000 -326.000000 1
423.000000 5399.000000 1
-2186.000000 -4367.000000 1
3280.000000 -207.000000 1
5959.000000 -4976.000000 1
5476.000000 526.000000 1
-3376.000000 -1391.000000 1
-2795.000000 -5970.000000 1
-5986.000000 -5366.000000 1
-511.000000 5687.000000 1
3580.000000 -1069.000000 1
-2651.000000 -3303.000000 1
-3356.000000 2630.000000 1
1582.000000 -4682.000000 1
-331.000000 1164.000000 1
-5424.000000 2754.000000 1
-3578.000000 -843.000000 1
4571.000000 -3929.000000 1
-1895.000000 -3577.000000 1
-3574.000000 4588.000000 1
1235.000000 5212.000000 1
94.000000 119.000000 1
4652.000000 -5019.000000 1
-3637.000000 -2512.000000 1
-3486.000000 1332.000000 1
-2768.000000 2345.000000 1
51.000000 888.000000 1
205.000000 -4549.000000 1
3082.000000 1546.000000 1
1360.000000 3538.000000 1
1305.000000 -5368.000000 1
-3343.000000 -4533.000000 1
4809.000000 5183.000000 1
4959.000000 381.000000 1
1070.000000 5486.000000 1
-1159.000000 598.000000 1
-1506.000000 2857.000000 1
-3646.000000 -4537.000000 1
-3486.000000 -4261.000000 1
-49.000000 2147.000000 1
2638.000000 -5840.000000 1
2563.000000 -5468.000000 1
1518.000000 -2446.000000 1
-99.000000 -1073.000000 1
1986.000000 -1390.000000 1
2384.000000 3928.000000 1
-2580.000000 -4311.000000 1
-3148.000000 -1303.000000 1
-1369.000000 768.000000 1
-1797.000000 -2273.000000 1
-1830.000000 5165.000000 1
-2394.000000 1782.000000 1
301.000000 2142.000000 1
2808.000000 -5561.000000 1
508.000000 -2277.000000 1
-4373.000000 -4530.000000 1
-5271.000000 -3801.000000 1
-2910.000000 -2736.000000 1
3766.000000 4295.000000 1
-2529.000000 2589.000000 1
-1260.000000 -2009.000000 1
279.000000 -5933.000000 1
1014.000000 -1575.000000 1
-1150.000000 -2205.000000 1
1129.000000 3359.000000 1
-1097.000000 2744.000000 1
584.000000 4619.000000 1
-137.000000 2644.000000 1
3787.000000 5989.000000 1
-1080.000000 1853.000000 1
-4129.000000 5197.000000 1
2182.000000 4537.000000 1
-4.000000 801.000000 1
2101.000000 790.000000 1
-1709.000000 2369.000000 1
-294.000000 -19.000000 1
-5785.000000 -1871.000000 1
3115.000000 3528.000000 1
-5506.000000 -3489.000000 1
-4988.000000 2497.000000 1
-361.000000 -2555.000000 1
1339.000000 -5779.000000 1
1822.000000 2897.000000 1
-4106.000000 -999.000000 1
-4899.000000 -3644.000000 1
-5861.000000 4211.000000 1
950.000000 -5224.000000 1
4008.000000 4205.000000 1
2831.000000 5286.000000 1
2404.000000 -3555.000000 1
3692.000000 -3386.000000 1
2070.000000 -2040.000000 1
2307.000000 -5033.000000 1
949.000000 -255.000000 1
1676.000000 -4798.000000 1
992.000000 -2452.000000 1
-4552.000000 1946.000000 1
5775.000000 1416.000000 1
-5660.000000 935.000000 1
-3959.000000 -5556.000000 1
-2578.000000 -1596.000000 1
-4873.000000 -3055.000000 1
3495.000000 2661.000000 1
25.000000 -2127.000000 1
-279.000000 -1987.000000 1
-1512.000000 4334.000000 1
4746.000000 5759.000000 1
5787.000000 -843.000000 1
-4526.000000 3651.000000 1
5054.000000 613.000000 1
-4983.000000 715.000000 1
1280.000000 1771.000000 1
1941.000000 -410.000000 1
923.000000 208.000000 1
3235.000000 -747.000000 1
-2054.000000 -3819.000000 1
2180.000000 -1203.000000 1
230.000000 -3587.000000 1
5434.000000 476.000000 1
5057.000000 2253.000000 1
-5358.000000 1775.000000 1
-5481.000000 3183.000000 1
-1900.000000 2419.000000 1
-4783.000000 -1251.000000 1
1657.000000 -5637.000000 1
-5620.000000 -3044.000000 1
381.000000 -4222.000000 1
5962.000000 2534.000000 1
1685.000000 1073.000000 1
-3288.000000 -3827.000000 1
2243.000000 3491.000000 1
-5617.000000 -1571.000000 1
-1401.000000 -3065.000000 1
-1458.000000 3905.000000 1
-200.000000 -1339.000000 1
456.000000 -631.000000 1
4595.000000 -2363.000000 1
-5814.000000 1418.000000 1
3347.000000 1260.000000 1
-1216.000000 -4473.000000 1
1827.000000 1256.000000 1
-1367.000000 527.000000 1
4272.000000 -5457.000000 1
5960.000000 -5018.000000 1
1345.000000 291.000000 1
-2948.000000 -2648.000000 1
971.000000 -2824.000000 1
-5038.000000 -53.000000 1
928.000000 -1511.000000 1
-1927.000000 5637.000000 1
2569.000000 -2456.000000 1
5174.000000 -3442.000000 1
-396.000000 3396.000000 1
4858.000000 1159.000000 1
-1585.000000 5904.000000 1
1745.000000 2523.000000 1
-4491.000000 2450.000000 1
-5573.000000 -3995.000000 1
1832.000000 1049.000000 1
257.000000 -1358.000000 1
-159.000000 2947.000000 1
768.000000 3176.000000 1
-4028.000000 -3811.000000 1
2122.000000 -5657.000000 1
-5097.000000 4332.000000 1
-5650.000000 -17.000000 1
-3180.000000 -660.000000 1
532.000000 5699.000000 1
-1284.000000 -4873.000000 1
-1651.000000 4685.000000 1
-3825.000000 5257.000000 1
-278.000000 3617.000000 1
4954.000000 3105.000000 1
-2868.000000 -2234.000000 1
-3152.000000 -1846.000000 1
-5028.000000 2514.000000 1
-2884.000000 -2054.000000 1
-2563.000000 -5227.000000 1
1205.000000 -5701.000000 1
-3170.000000 -4998.000000 1
2355.000000 840.000000 1
-1420.000000 -3447.000000 1
3809.000000 -2918.000000 1
-88.000000 -4784.000000 1
-1996.000000 -4667.000000 1
461.000000 -796.000000 1
-5861.000000 -4356.000000 1
2868.000000 2466.000000 1
-1032.000000 348.000000 1
-1437.000000 -3654.000000 1
814.000000 3368.000000 1
-4477.000000 2447.000000 1
602.000000 -4304.000000 1
1081.000000 -5032.000000 1
4199.000000 -3145.000000 1
5496.000000 -4149.000000 1
2301.000000 4661.000000 1
-1579.000000 -422.000000 1
2202.000000 3227.000000 1
763.000000 -5154.000000 1
3332.000000 2325.000000 1
-1792.000000 1620.000000 1
1693.000000 2516.000000 1
4472.000000 -4731.000000 1
-4617.000000 -4723.000000 1
-5784.000000 3210.000000 1
-1206.000000 -2212.000000 1
157.000000 2064.000000 1
-2939.000000 877.000000 1
-1058.000000 -2792.000000 1
5729.000000 -900.000000 1
287.000000 -2334.000000 1
1084.000000 411.000000 1
2744.000000 523.000000 1
-5467.000000 5812.000000 1
-4330.000000 -3596.000000 1
4051.000000 848.000000 1
-5712.000000 1765.000000 1
3162.000000 -2632.000000 1
2652.000000 2610.000000 1
-4480.000000 794.000000 1
-125.000000 2749.000000 1
-1203.000000 398.000000 1
5490.000000 -163.000000 1
-4030.000000 -4168.000000 1
5939.000000 -5827.000000 1
4140.000000 1393.000000 1
2971.000000 231.000000 1
-5927.000000 674.000000 1
2405.000000 707.000000 1
-2486.000000 1232.000000 1
3743.000000 2714.000000 1
-3927.000000 5918.000000 1
-2621.000000 4864.000000 1
-5251.000000 655.000000 1
-5174.000000 -2990.000000 1
795.000000 4236.000000 1
-3300.000000 5820.000000 1
5471.000000 2533.000000 1
-4566.000000 5246.000000 1
-5092.000000 -4517.000000 1
3743.000000 -528.000000 1
5488.000000 3677.000000 1
-2316.000000 1411.000000 1
1659.000000 -2927.000000 1
708.000000 -5782.000000 1
-5038.000000 5302.000000 1
-5536.000000 -551.000000 1
-5201.000000 -5945.000000 1
1379.000000 3373.000000 1
-3477.000000 -5886.000000 1
-5688.000000 -3860.000000 1
-2961.000000 -790.000000 1
1371.000000 5902.000000 1
-3897.000000 -5813.000000 1
-2963.000000 1852.000000 1
-3367.000000 -2052.000000 1
-1524.000000 2872.000000 1
-1836.000000 1321.000000 1
-4910.000000 3613.000000 1
-5045.000000 -2799.000000 1
1405.000000 5768.000000 1
2404.000000 3885.000000 1
-4321.000000 4056.000000 1
-1811.000000 2515.000000 1
631.000000 1906.000000 1
271.000000 -3558.000000 1
-3808.000000 4680.000000 1
-283.000000 -1474.000000 1
1480.000000 -4293.000000 1
1390.000000 934.000000 1
643.000000 -1474.000000 1
4001.000000 -1148.000000 1
-3295.000000 -5699.000000 1
2273.000000 1277.000000 1
-2242.000000 -1442.000000 1
1937.000000 -2614.000000 1
5464.000000 -3002.000000 1
5705.000000 2270.000000 1
4998.000000 -705.000000 1
-3542.000000 521.000000 1
1927.000000 5241.000000 1
879.000000 -388.000000 1
2681.000000 1391.000000 1
-988.000000 -434.000000 1
-629.000000 -4661.000000 1
667.000000 -3297.000000 1
-1803.000000 -3315.000000 1
-5411.000000 -2213.000000 1
2214.000000 -4313.000000 1
5022.000000 -5151.000000 1
-1218.000000 45.000000 1
4532.000000 228.000000 1
-4163.000000 4011.000000 1
4905.000000 2097.000000 1
3164.000000 5239.000000 1
-689.000000 -430.000000 1
2811.000000 -3383.000000 1
1875.000000 3027.000000 1
58.000000 40.000000 1
1365.000000 4612.000000 1
-5396.000000 3367.000000 1
2679.000000 2078.000000 1
-1527.000000 2287.000000 1
-2699.000000 -2615.000000 1
771.000000 -5953.000000 1
-972.000000 -4004.000000 1
1627.000000 114.000000 1
-5539.000000 3526.000000 1
3925.000000 -5696.000000 1
2219.000000 -4178.000000 1
-3479.000000 -4729.000000 1
4547.000000 3126.000000 1
-4261.000000 -1333.000000 1
5732.000000 2438.000000 1
205.000000 -5989.000000 1
-992.000000 3750.000000 1
5651.000000 -2250.000000 1
810.000000 1226.000000 1
-5688.000000 -1394.000000 1
528.000000 -1291.000000 1
2592.000000 -3604.000000 1
-5686.000000 -2504.000000 1
5821.000000 -2347.000000 1
-2765.000000 -646.000000 1
1574.000000 -2164.000000 1
-5800.000000 860.000000 1
5940.000000 -1449.000000 1
-3313.000000 157.000000 1
-81.000000 -2746.000000 1
-2742.000000 5180.000000 1
-935.000000 -303.000000 1
2732.000000 3036.000000 1
5737.000000 -5087.000000 1
-2917.000000 973.000000 1
-5541.000000 -5774.000000 1
-3082.000000 2632.000000 1
805.000000 -2089.000000 1
-5687.000000 -3685.000000 1
-2739.000000 4863.000000 1
-5377.000000 -4250.000000 1
5849.000000 -3273.000000 1
343.000000 4677.000000 1
-3801.000000 -2448.000000 1
-5958.000000 1135.000000 1
2239.000000 -3134.000000 1
1740.000000 2014.000000 1
-282.000000 -4432.000000 1
-1951.000000 -2736.000000 1
4532.000000 -562.000000 1
4467.000000 -1043.000000 1
1416.000000 -959.000000 1
-5551.000000 5226.000000 1
5594.000000 2695.000000 1
5561.000000 -1298.000000 1
2673.000000 2487.000000 1
5416.000000 -4973.000000 1
-4969.000000 -2743.000000 1
-2447.000000 -3377.000000 1
-5399.000000 5592.000000 1
-4819.000000 -269.000000 1
-4429.000000 4455.000000 1
-2733.000000 -1484.000000 1
-4228.000000 643.000000 1
1033.000000 -504.000000 1
-3074.000000 4071.000000 1
-5735.000000 243.000000 1
825.000000 -2043.000000 1
-186.000000 3299.000000 1
4519.000000 3012.000000 1
-2463.000000 -5671.000000 1
3315.000000 -187.000000 1
1431.000000 233.000000 1
-4154.000000 1707.000000 1
1838.000000 -4829.000000 1
2819.000000 -999.000000 1
5232.000000 1427.000000 1
-5996.000000 3134.000000 1
2406.000000 -1082.000000 1
-5565.000000 -753.000000 1
-759.000000 2766.000000 1
2253.000000 788.000000 1
-3275.000000 711.000000 1
1620.000000 262.000000 1
2272.000000 -69.000000 1
-107.000000 -3178.000000 1
-407.000000 1987.000000 1
-3654.000000 -1326.000000 1
-5260.000000 -5616.000000 1
1776.000000 1444.000000 1
4149.000000 3145.000000 1
3355.000000 -5349.000000 1
810.000000 -5099.000000 1
-5464.000000 5710.000000 1
-402.000000 571.000000 1
1283.000000 1022.000000 1
-1204.000000 840.000000 1
-2165.000000 -3045.000000 1
2737.000000 -1871.000000 1
-4125.000000 -3286.000000 1
-4667.000000 2170.000000 1
-5526.000000 -3450.000000 1
-4741.000000 4054.000000 1
-1011.000000 4517.000000 1
-2490.000000 2767.000000 1
1211.000000 -932.000000 1
-1458.000000 1256.000000 1
-4454.000000 1029.000000 1
-4444.000000 -3198.000000 1
5688.000000 1151.000000 1
-4845.000000 -5124.000000 1
-2812.000000 2615.000000 1
1303.000000 223.000000 1
670.000000 5638.000000 1
-5709.000000 4152.000000 1
2189.000000 2459.000000 1
-2467.000000 2567.000000 1
-2993.000000 475.000000 1
-4836.000000 -3208.000000 1
-2698.000000 4262.000000 1
-5675.000000 -5361.000000 1
529.000000 -5893.000000 1
2018.000000 2570.000000 1
-4440.000000 -3905.000000 1
-2331.000000 -414.000000 1
3661.000000 4890.000000 1
-5668.000000 -5038.000000 1
-2609.000000 4290.000000 1
2933.000000 -1542.000000 1
-2256.000000 4061.000000 1
-2909.000000 -5978.000000 1
-1703.000000 2112.000000 1
4433.000000 -5589.000000 1
-4083.000000 -5891.000000 1
5655.000000 -3182.000000 1
-2596.000000 445.000000 1
2635.000000 -3239.000000 1
3321.000000 3786.000000 1
-1319.000000 -1963.000000 1
397.000000 2961.000000 1
-1162.000000 2908.000000 1
-2131.000000 -250.000000 1
2257.000000 2467.000000 1
4426.000000 2088.000000 1
-4660.000000 291.000000 1
-2744.000000 -858.000000 1
3946.000000 -3903.000000 1
-2767.000000 -862.000000 1
-2615.000000 4494.000000 1
-2390.000000 4661.000000 1
3409.000000 -4596.000000 1
-2681.000000 147.000000 1
2605.000000 626.000000 1
4859.000000 3953.000000 1
-1190.000000 2194.000000 1
5426.000000 2212.000000 1
542.000000 -4839.000000 1
-5054.000000 -4981.000000 1
-3300.000000 2455.000000 1
3966.000000 -3408.000000 1
-2492.000000 -4032.000000 1
-4146.000000 -5269.000000 1
-5392.000000 1394.000000 1
-1604.000000 -4920.000000 1
1228.000000 344.000000 1
176.000000 -2806.000000 1
53.000000 1870.000000 1
4062.000000 -2545.000000 1
-3802.000000 -4763.000000 1
3166.000000 -3082.000000 1
-5906.000000 4233.000000 1
5309.000000 -3489.000000 1
-250.000000 -1758.000000 1
-1262.000000 -5390.000000 1
5602.000000 -2888.000000 1
1748.000000 -1534.000000 1
-2393.000000 474.000000 1
2634.000000 371.000000 1
3164.000000 513.000000 1
-5982.000000 -742.000000 1
2595.000000 1456.000000 1
4454.000000 1540.000000 1
-1687.000000 5727.000000 1
1323.000000 2074.000000 1
-1604.000000 -5671.000000 1
-3284.000000 -541.000000 1
93.000000 -3838.000000 1
-3688.000000 1834.000000 1
5526.000000 -4451.000000 1
4775.000000 -4798.000000 1
-3218.000000 204.000000 1
2802.000000 2151.000000 1
1434.000000 2297.000000 1
-3324.000000 -3769.000000 1
-586.000000 -4363.000000 1
-3605.000000 1537.000000 1
-2091.000000 -5632.000000 1
2963.000000 -2612.000000 1
3093.000000 -696.000000 1
-682.000000 -4517.000000 1
-2025.000000 -2859.000000 1
-340.000000 2207.000000 1
1774.000000 -1820.000000 1
297.000000 -3762.000000 1
-3883.000000 -4782.000000 1
-664.000000 -5437.000000 1
3461.000000 157.000000 1
834.000000 -3066.000000 1
-793.000000 5893.000000 1
2276.000000 -2290.000000 1
4264.000000 1912.000000 1
-4577.000000 -3677.000000 1
3083.000000 5582.000000 1
-5791.000000 -343.000000 1
-2525.000000 -2414.000000 1
-5371.000000 -3526.000000 1
-5568.000000 -1886.000000 1
4902.000000 -1741.000000 1
4745.000000 3769.000000 1
-806.000000 -3982.000000 1
-5364.000000 -2645.000000 1
-3619.000000 1694.000000 1
4274.000000 -3023.000000 1
-1461.000000 -4889.000000 1
2006.000000 -2010.000000 1
-590.000000 5136.000000 1
-3977.000000 -4240.000000 1
-2170.000000 2410.000000 1
-4180.000000 2339.000000 1
4375.000000 2659.000000 1
-5128.000000 -5630.000000 1
3905.000000 1151.000000 1
2591.000000 -2040.000000 1
5795.000000 -4827.000000 1
1559.000000 1831.000000 1
530.000000 -2914.000000 1
5378.000000 -3665.000000 1
3854.000000 -1479.000000 1
-1509.000000 -4208.000000 1
2516.000000 -4941.000000 1
-1137.000000 2051.000000 1
1270.000000 -1771.000000 1
-5586.000000 262.000000 1
-55.000000 2526.000000 1
-383.000000 3847.000000 1
5629.000000 -5598.000000 1
-4353.000000 -5885.000000 1
-2606.000000 4627.000000 1
-3237.000000 3663.000000 1
-3863.000000 3904.000000 1
-5664.000000 -1609.000000 1
4664.000000 3131.000000 1
-3264.000000 -3963.000000 1
-2621.000000 -5633.000000 1
-5976.000000 388.000000 1
3431.000000 -303.000000 1
-5864.000000 -2491.000000 1
-200.000000 3942.000000 1
563.000000 -1150.000000 1
-5842.000000 -2682.000000 1
-2542.000000 5121.000000 1
3355.000000 -4177.000000 1
29.000000 -5604.000000 1
-1824.000000 5629.000000 1
-2948.000000 5407.000000 1
-287.000000 -3671.000000 1
1675.000000 -943.000000 1
4790.000000 -1616.000000 1
4589.000000 -1226.000000 1
100.000000 -5451.000000 1
962.000000 -3404.000000 1
-3221.000000 -1975.000000 1
-3556.000000 2836.000000 1
2624.000000 4618.000000 1
3470.000000 844.000000 1
-4770.000000 -3862.000000 1
-5882.000000 -3621.000000 1
3385.000000 -5679.000000 1
-4803.000000 1140.000000 1
-5068.000000 -1338.000000 1
588.000000 -5889.000000 1
4755.000000 -1974.000000 1
513.000000 -676.000000 1
-4301.000000 -2075.000000 1
5842.000000 -5334.000000 1
537.000000 2245.000000 1
-3503.000000 -4793.000000 1
-5112.000000 2052.000000 1
-2111.000000 -1064.000000 1
5815.000000 3529.000000 1
-2456.000000 -3317.000000 1
-3550.000000 5490.000000 1
-4602.000000 -4197.000000 1
-3233.000000 -847.000000 1
-1339.000000 1396.000000 1
-3596.000000 -5228.000000 1
5521.000000 -264.000000 1
-56.000000 -1270.000000 1
2729.000000 -190.000000 1
-4521.000000 3842.000000 1
2422.000000 5032.000000 1
-4502.000000 -4138.000000 1
-4004.000000 -4474.000000 1
-314.000000 -2136.000000 1
2672.000000 5753.000000 1
-573.000000 -2356.000000 1
-5399.000000 3624.000000 1
-4992.000000 1351.000000 1
-3879.000000 -2614.000000 1
-1003.000000 -5194.000000 1
-5891.000000 2564.000000 1
4170.000000 -143.000000 1
2259.000000 2674.000000 1
-4826.000000 5873.000000 1
-3924.000000 713.000000 1
2122.000000 -4464.000000 1
-5950.000000 698.000000 1
703.000000 -3567.000000 1
5004.000000 -2183.000000 1
-2835.000000 5632.000000 1
4944.000000 -802.000000 1
-2034.000000 4858.000000 1
-136.000000 -4884.000000 1
2626.000000 5776.000000 1
-4632.000000 2320.000000 1
-4444.000000 -4536.000000 1
3406.000000 -1300.000000 1
-2596.000000 -1947.000000 1
3003.000000 -1643.000000 1
-5673.000000 -184.000000 1
-2287.000000 -2342.000000 1
4148.000000 -4746.000000 1
5470.000000 -5242.000000 1
1856.000000 -3012.000000 1
-3832.000000 5160.000000 1
-4315.000000 -3471.000000 1
5417.000000 3920.000000 1
1150.000000 3995.000000 1
894.000000 -1348.000000 1
2158.000000 -331.000000 1
2010.000000 533.000000 1
-3630.000000 1167.000000 1
3520.000000 -1324.000000 1
1652.000000 1110.000000 1
-3024.000000 -1815.000000 1
-1503.000000 5846.000000 1
673.000000 -2147.000000 1
445.000000 253.000000 1
145.000000 -1259.000000 1
5878.000000 5953.000000 1
-1223.000000 1754.000000 1
-330.000000 -3419.000000 1
-2939.000000 -393.000000 1
5917.000000 -5192.000000 1
-1502.000000 1155.000000 1
-3474.000000 2175.000000 1
1944.000000 -5312.000000 1
-3416.000000 4724.000000 1
-2406.000000 -5213.000000 1
216.000000 -4210.000000 1
4891.000000 -4171.000000 1
-5074.000000 -1821.000000 1
5700.000000 4857.000000 1
1197.000000 332.000000 1
1636.000000 3215.000000 1
-3865.000000 -4088.000000 1
1831.000000 -2312.000000 1
-5624.000000 -5181.000000 1
3402.000000 3611.000000 1
-5583.000000 -2024.000000 1
-5715.000000 4360.000000 1
-3287.000000 -5483.000000 1
-5911.000000 -741.000000 1
3791.000000 -3202.000000 1
645.000000 2914.000000 1
-4462.000000 -300.000000 1
2788.000000 -4605.000000 1
3140.000000 4728.000000 1
-895.000000 -3112.000000 1
-275.000000 907.000000 1
4990.000000 -516.000000 1
4444.000000 1911.000000 1
665.000000 -597.000000 1
-573.000000 -877.000000 1
-4544.000000 5860.000000 1
484.000000 -4893.000000 1
-5658.000000 -3342.000000 1
70.000000 3999.000000 1
-3145.000000 -5620.000000 1
-1203.000000 3285.000000 1
2632.000000 -3942.000000 1
3657.000000 2225.000000 1
-1806.000000 793.000000 1
-1651.000000 -3204.000000 1
-4319.000000 2976.000000 1
-2589.000000 -5598.000000 1
-2488.000000 -5180.000000 1
-3394.000000 -840.000000 1
-3977.000000 -2311.000000 1
976.000000 -2082.000000 1
-3504.000000 -2054.000000 1
701.000000 -2494.000000 1
-906.000000 -1206.000000 1
15.000000 5701.000000 1
4743.000000 2460.000000 1
-4372.000000 5474.000000 1
-3380.000000 3568.000000 1
3909.000000 -2708.000000 1
-3570.000000 -864.000000 1
4208.000000 -617.000000 1
-4213.000000 -422.000000 1
3704.000000 -1446.000000 1
-2935.000000 2766.000000 1
-4365.000000 -4205.000000 1
-405.000000 5994.000000 1
-4459.000000 -597.000000 1
5890.000000 -4732.000000 1
2564.000000 -4132.000000 1
-4091.000000 -2600.000000 1
331.000000 16.000000 1
2211.000000 -4589.000000 1
2290.000000 -884.000000 1
1848.000000 -3313.000000 1
1230.000000 909.000000 1
-4929.000000 -961.000000 1
2357.000000 3953.000000 1
-4504.000000 -1266.000000 1
-811.000000 -3590.000000 1
1770.000000 4835.000000 1
4229.000000 -818.000000 1
5402.000000 -1880.000000 1
-1220.000000 -5374.000000 1
4189.000000 5195.000000 1
1089.000000 4121.000000 1
-742.000000 5924.000000 1
-4670.000000 3879.000000 1
-4493.000000 -2888.000000 1
-2295.000000 -4645.000000 1
-1803.000000 -3458.000000 1
-1076.000000 -5603.000000 1
4718.000000 -5376.000000 1
-1116.000000 5363.000000 1
2751.000000 2372.000000 1
-256.000000 -438.000000 1
-1229.000000 4043.000000 1
-4933.000000 5779.000000 1
-5585.000000 -4551.000000 1
-661.000000 -5588.000000 1
-3959.000000 -5705.000000 1
-5028.000000 -5183.000000 1
-4674.000000 470.000000 1
3996.000000 -3693.000000 1
-2562.000000 1717.000000 1
2776.000000 4568.000000 1
1419.000000 3076.000000 1
-5945.000000 -5918.000000 1
-2237.000000 4745.000000 1
-2907.000000 -4604.000000 1
-1863.000000 3235.000000 1
2083.000000 -3085.000000 1
3467.000000 4142.000000 1
-1955.000000 -3958.000000 1
-4529.000000 2791.000000 1
5004.000000 2128.000000 1
5583.000000 -2288.000000 1
-1411.000000 -3491.000000 1
3864.000000 -4971.000000 1
-5695.000000 91.000000 1
4301.000000 -4656.000000 1
-378.000000 -1014.000000 1
2209.000000 2890.000000 1
5127.000000 -4090.000000 1
-1147.000000 995.000000 1
-2496.000000 -4467.000000 1
414.000000 1492.000000 1
1284.000000 2684.000000 1
-1413.000000 -5613.000000 1
-4494.000000 1817.000000 1
3589.000000 3768.000000 1
1157.000000 3990.000000 1
-2025.000000 4253.000000 1
-1396.000000 2836.000000 1
1105.000000 -2358.000000 1
-1863.000000 103.000000 1
1416.000000 850.000000 1
349.000000 -5159.000000 1
3136.000000 2936.000000 1
-364.000000 -1935.000000 1
-2340.000000 -5066.000000 1
1085.000000 181.000000 1
-4555.000000 2432.000000 1
493.000000 2861.000000 1
4810.000000 -2460.000000 1
-5756.000000 -2582.000000 1
1655.000000 4660.000000 1
5248.000000 5991.000000 1
-599.000000 5768.000000 1
-4943.000000 207.000000 1
-3152.000000 -3459.000000 1
-1331.000000 -2241.000000 1
-4106.000000 -3869.000000 1
3204.000000 -3475.000000 1
175.000000 3286.000000 1
3446.000000 -886.000000 1
5649.000000 -2070.000000 1
-2748.000000 3908.000000 1
807.000000 5389.000000 1
-4315.000000 -945.000000 1
-1856.000000 -1209.000000 1
3802.000000 5316.000000 1
5197.000000 -3899.000000 1
3556.000000 -5334.000000 1
-2164.000000 -1929.000000 1
-492.000000 5653.000000 1
-3394.000000 3542.000000 1
1443.000000 -980.000000 1
-897.000000 -3254.000000 1
5955.000000 -177.000000 1
1175.000000 -2869.000000 1
4790.000000 -5671.000000 1
2540.000000 -985.000000 1
2173.000000 514.000000 1
-4357.000000 -1341.000000 1
5204.000000 -1656.000000 1
-1913.000000 -4859.000000 1
4636.000000 -3088.000000 1
4688.000000 1074.000000 1
-4039.000000 2631.000000 1
-2488.000000 -4749.000000 1
3197.000000 5902.000000 1
2530.000000 -5955.000000 1
-3932.000000 -843.000000 1
-564.000000 2833.000000 1
-5182.000000 2982.000000 1
-2305.000000 -1983.000000 1
3194.000000 -3098.000000 1
1844.000000 -4204.000000 1
-3535.000000 5656.000000 1
-3654.000000 3820.000000 1
-1310.000000 -573.000000 1
-5307.000000 -442.000000 1
3954.000000 3764.000000 1
2472.000000 -318.000000 1
-825.000000 -1721.000000 1
3686.000000 -2172.000000 1
3349.000000 -3390.000000 1
-4123.000000 -4359.000000 1
985.000000 3522.000000 1
-4923.000000 958.000000 1
4457.000000 1179.000000 1
2864.000000 -5858.000000 1
-213.000000 -4038.000000 1
3794.000000 -454.000000 1
422.000000 -1779.000000 1
-3893.000000 -1362.000000 1
-4617.000000 5541.000000 1
-2494.000000 1746.000000 1
-2588.000000 -3333.000000 1
764.000000 -5314.000000 1
1974.000000 4849.000000 1
-4594.000000 2897.000000 1
-2366.000000 3130.000000 1
4847.000000 5972.000000 1
-3000.000000 4476.000000 1
465.000000 -4038.000000 1
-5248.000000 -4715.000000 1
1522.000000 523.000000 1
-2702.000000 -1444.000000 1
-3282.000000 3809.000000 1
4325.000000 2025.000000 1
-937.000000 -301.000000 1
4123.000000 472.000000 1
1863.000000 912.000000 1
-3653.000000 -2198.000000 1
3957.000000 430.000000 1
3502.000000 -3411.000000 1
-4793.000000 -2780.000000 1
-3827.000000 -5795.000000 1
-5721.000000 -2668.000000 1
3451.000000 4458.000000 1
3833.000000 -3347.000000 1
3568.000000 4796.000000 1
5612.000000 -1936.000000 1
-2251.000000 -3564.000000 1
430.000000 -3599.000000 1
-4329.000000 -3723.000000 1
-475.000000 1473.000000 1
5814.000000 -221.000000 1
-4644.000000 234.000000 1
-387.000000 2283.000000 1
-5382.000000 378.000000 1
-4265.000000 2595.000000 1
-582.000000 -5405.000000 1
-161.000000 -2189.000000 1
886.000000 -1630.000000 1
-4424.000000 -4780.000000 1
900.000000 -5889.000000 1
3679.000000 -2792.000000 1
5254.000000 5556.000000 1
1534.000000 -3029.000000 1
-227.000000 -3662.000000 1
-4829.000000 -1352.000000 1
-1858.000000 -5216.000000 1
-5040.000000 -4593.000000 1
-3864.000000 -2842.000000 1
4211.000000 2149.000000 1
-2348.000000 -1655.000000 1
2713.000000 -5796.000000 1
-1074.000000 -2441.000000 1
-4353.000000 -2683.000000 1
3555.000000 -5147.000000 2
-4087.000000 5827.000000 2
5947.000000 4151.000000 2
-5386.000000 -2126.000000 2
-4023.000000 2145.000000 2
1876.000000 3304.000000 2
-4159.000000 -3861.000000 2
3216.000000 -262.000000 2
3274.000000 5114.000000 2
-5103.000000 -3230.000000 2
5844.000000 -1363.000000 2
-5338.000000 672.000000 2
907.000000 -3196.000000 2
-1156.000000 -97.000000 2
-1428.000000 616.000000 2
-332.000000 -2982.000000 2
-1417.000000 1671.000000 2
-4171.000000 4350.000000 2
1510.000000 1791.000000 2
350.000000 913.000000 2
413.000000 -675.000000 2
5598.000000 1427.000000 2
5059.000000 -5402.000000 2
2184.000000 2308.000000 2
5616.000000 757.000000 2
-2207.000000 -3866.000000 2
-89.000000 -1946.000000 2
3932.000000 2213.000000 2
870.000000 -5420.000000 2
-2936.000000 -3116.000000 2
-2245.000000 -4226.000000 2
-3416.000000 -5094.000000 2
-2631.000000 2830.000000 2
291.000000 1709.000000 2
-1620.000000 -2147.000000 2
-2691.000000 1533.000000 2
4138.000000 -1519.000000 2
-5178.000000 -5195.000000 2
-2198.000000 937.000000 2
-4334.000000 -419.000000 2
-5191.000000 -3333.000000 2
-2584.000000 2307.000000 2
-5974.000000 3835.000000 2
-97.000000 3899.000000 2
2669.000000 2079.000000 2
-1018.000000 -1276.000000 2
2436.000000 5312.000000 2
-5406.000000 -2099.000000 2
1490.000000 -540.000000 2
-4899.000000 1369.000000 2
-1323.000000 -1638.000000 2
669.000000 -5825.000000 2
4598.000000 -2651.000000 2
-1965.000000 -3948.000000 2
-4225.000000 3421.000000 2
-3531.000000 3405.000000 2
1900.000000 -4622.000000 2
-4401.000000 1408.000000 2
1668.000000 1138.000000 2
-5259.000000 -2518.000000 2
4842.000000 4365.000000 2
-36.000000 -2762.000000 2
-3473.000000 -1289.000000 2
-886.000000 -2148.000000 2
2698.000000 4271.000000 2
426.000000 -663.000000 2
11.000000 -1923.000000 2
-252.000000 -5794.000000 2
4652.000000 -4447.000000 2
3789.000000 -3973.000000 2
937.000000 3049.000000 2
315.000000 861.000000 2
-4494.000000 -1917.000000 2
4540.000000 -3899.000000 2
1342.000000 -140.000000 2
-1240.000000 1179.000000 2
5794.000000 3624.000000 2
5747.000000 -141.000000 2
3267.000000 2956.000000 2
-4761.000000 -1233.000000 2
-920.000000 4631.000000 2
-5806.000000 1701.000000 2
-4525.000000 -1968.000000 2
4156.000000 5154.000000 2
3794.000000 1068.000000 2
-996.000000 -4337.000000 2
-4495.000000 1559.000000 2
2443.000000 3187.000000 2
2258.000000 2325.000000 2
-263.000000 2362.000000 2
-192.000000 -1367.000000 2
4254.000000 597.000000 2
2880.000000 1622.000000 2
-332.000000 1025.000000 2
5384.000000 -5467.000000 2
-1949.000000 -4884.000000 2
-3563.000000 5030.000000 2
-5763.000000 -1675.000000 2
2264.000000 -7.000000 2
-5588.000000 -2988.000000 2
3696.000000 2991.000000 2
2664.000000 442.000000 2
1022.000000 1421.000000 2
1773.000000 -5446.000000 2
1589.000000 -3534.000000 2
3052.000000 1480.000000 2
4849.000000 2361.000000 2
-2495.000000 -4192.000000 2
-3447.000000 2017.000000 2
358.000000 -3510.000000 2
4168.000000 -1334.000000 2
-923.000000 5533.000000 2
3672.000000 -2462.000000 2
2451.000000 1154.000000 2
288.000000 -5534.000000 2
-516.000000 -5605.000000 2
-2864.000000 -1229.000000 2
2585.000000 -3613.000000 2
-3783.000000 5844.000000 2
-5559.000000 4055.000000 2
-4125.000000 2592.000000 2
-3585.000000 -5482.000000 2
-1959.000000 -852.000000 2
1240.000000 -955.000000 2
1448.000000 -1649.000000 2
816.000000 -4683.000000 2
-3608.000000 2085.000000 2
-938.000000 -2423.000000 2
-902.000000 117.000000 2
4796.000000 5907.000000 2
3251.000000 -79.000000 2
-141.000000 -2849.000000 2
-169.000000 -259.000000 2
183.000000 3602.000000 2
4682.000000 308.000000 2
-2201.000000 -2284.000000 2
-3869.000000 -1464.000000 2
-3879.000000 1388.000000 2
-2014.000000 -1399.000000 2
5867.000000 -4534.000000 2
1603.000000 -1016.000000 2
2108.000000 1419.000000 2
627.000000 -1284.000000 2
-4036.000000 4504.000000 2
2434.000000 3077.000000 2
-5631.000000 -2383.000000 2
-1350.000000 1871.000000 2
-1829.000000 2056.000000 2
-5393.000000 -1640.000000 2
4939.000000 -1264.000000 2
728.000000 1493.000000 2
2416.000000 4024.000000 2
-5219.000000 -910.000000 2
-3007.000000 -3758.000000 2
-5231.000000 4602.000000 2
4546.000000 -3302.000000 2
-606.000000 -1066.000000 2
433.000000 3411.000000 2
3695.000000 -5704.000000 2
192.000000 -269.000000 2
2809.000000 -4613.000000 2
-440.000000 4162.000000 2
-3299.000000 -3741.000000 2
-3429.000000 511.000000 2
2464.000000 -4565.000000 2
699.000000 -4252.000000 2
-4308.000000 1887.000000 2
-694.000000 -1909.000000 2
4891.000000 -2138.000000 2
-2239.000000 -1615.000000 2
5809.000000 4229.000000 2
2885.000000 -3014.000000 2
-1554.000000 1568.000000 2
-2250.000000 -939.000000 2
-1020.000000 -3775.000000 2
-4630.000000 1601.000000 2
1223.000000 1598.000000 2
2362.000000 -4336.000000 2
-1053.000000 -393.000000 2
4123.000000 -4853.000000 2
1810.000000 5661.000000 2
-5392.000000 4375.000000 2
-4531.000000 -1127.000000 2
702.000000 -3274.000000 2
162.000000 -884.000000 2
-320.000000 -176.000000 2
-760.000000 -398.000000 2
-5060.000000 1812.000000 2
3183.000000 141.000000 2
3157.000000 -2854.000000 2
-3877.000000 -3521.000000 2
-1661.000000 -5077.000000 2
-4685.000000 -5384.000000 2
4832.000000 323.000000 2
-812.000000 -5903.000000 2
-3357.000000 757.000000 2
-5076.000000 -1449.000000 2
947.000000 5199.000000 2
1444.000000 -4819.000000 2
-4716.000000 3968.000000 2
-4291.000000 -2069.000000 2
-858.000000 -584.000000 2
-2242.000000 3275.000000 2
-4017.000000 -3953.000000 2
1740.000000 -506.000000 2
-5419.000000 -4247.000000 2
252.000000 -2534.000000 2
-847.000000 -4873.000000 2
2437.000000 5999.000000 2
-4608.000000 -3583.000000 2
4250.000000 4186.000000 2
4860.000000 -1404.000000 2
-1738.000000 -4191.000000 2
-2710.000000 -1418.000000 2
792.000000 -4799.000000 2
1717.000000 -2286.000000 2
3281.000000 -3188.000000 2
-4933.000000 -5904.000000 2
4316.000000 -5161.000000 2
3270.000000 -5741.000000 2
-5874.000000 -5645.000000 2
-5986.000000 -5718.000000 2
-4178.000000 -903.000000 2
317.000000 4879.000000 2
-1722.000000 -5108.000000 2
3300.000000 -5996.000000 2
1210.000000 -4934.000000 2
-980.000000 3776.000000 2
-4615.000000 -2045.000000 2
-1185.000000 -1804.000000 2
5714.000000 -5635.000000 2
3111.000000 -5678.000000 2
4041.000000 1079.000000 2
-953.000000 576.000000 2
-4342.000000 2621.000000 2
5738.000000 4713.000000 2
-2244.000000 -3428.000000 2
-2184.000000 -3323.000000 2
-1222.000000 -1210.000000 2
1552.000000 3003.000000 2
-66.000000 -137.000000 2
5874.000000 1220.000000 2
2175.000000 -1799.000000 2
4284.000000 177.000000 2
1565.000000 -1371.000000 2
4760.000000 -1745.000000 2
-102.000000 843.000000 2
564.000000 -4918.000000 2
-3445.000000 2708.000000 2
-1102.000000 880.000000 2
4015.000000 -1082.000000 2
1537.000000 3064.000000 2
-545.000000 2344.000000 2
-1588.000000 -573.000000 2
2087.000000 -5305.000000 2
-207.000000 4481.000000 2
2676.000000 -3240.000000 2
-5964.000000 4439.000000 2
-1425.000000 1022.000000 2
565.000000 -3232.000000 2
2409.000000 -3410.000000 2
-2497.000000 -5711.000000 2
-5641.000000 -2766.000000 2
2083.000000 -5023.000000 2
3264.000000 2027.000000 2
3876.000000 -3191.000000 2
-3821.000000 -1702.000000 2
-5196.000000 3433.000000 2
-2081.000000 -2240.000000 2
-3712.000000 -2901.000000 2
5278.000000 -2299.000000 2
-4345.000000 2763.000000 2
1649.000000 4854.000000 2
-463.000000 -809.000000 2
-974.000000 -1838.000000 2
-1315.000000 -4716.000000 2
-2298.000000 1256.000000 2
-5285.000000 3906.000000 2
4369.000000 -4519.000000 2
-2341.000000 4384.000000 2
783.000000 -4285.000000 2
1766.000000 -2990.000000 2
-5568.000000 -1471.000000 2
2124.000000 -670.000000 2
-2749.000000 4493.000000 2
-4163.000000 -2426.000000 2
3366.000000 967.000000 2
-1956.000000 3457.000000 2
-2595.000000 539.000000 2
-4272.000000 -1525.000000 2
-2991.000000 1598.000000 2
221.000000 853.000000 2
1403.000000 857.000000 2
-5100.000000 -4280.000000 2
4689.000000 -2807.000000 2
4038.000000 142.000000 2
1600.000000 -5659.000000 2
-2818.000000 5908.000000 2
380.000000 -2814.000000 2
4527.000000 -4499.000000 2
-5037.000000 -5131.000000 2
-4789.000000 -4262.000000 2
4392.000000 1623.000000 2
-3529.000000 -2903.000000 2
-4097.000000 4557.000000 2
27.000000 -1860.000000 2
-44.000000 -4568.000000 2
-1570.000000 -2004.000000 2
-2191.000000 -2487.000000 2
-5071.000000 5197.000000 2
639.000000 -1750.000000 2
-3125.000000 -1517.000000 2
-387.000000 -1638.000000 2
1877.000000 2005.000000 2
2351.000000 2279.000000 2
1031.000000 82.000000 2
-2791.000000 -2432.000000 2
-3533.000000 2097.000000 2
2188.000000 763.000000 2
735.000000 3917.000000 2
2975.000000 -5227.000000 2
-1319.000000 -1423.000000 2
-5374.000000 -3656.000000 2
-1913.000000 -5536.000000 2
2927.000000 -1534.000000 2
-260.000000 -5192.000000 2
-1437.000000 -4732.000000 2
274.000000 -360.000000 2
2891.000000 2279.000000 2
-5868.000000 4351.000000 2
-1534.000000 -4682.000000 2
-2438.000000 -2633.000000 2
3546.000000 -1608.000000 2
-4581.000000 5395.000000 2
-1927.000000 5756.000000 2
-2914.000000 -3692.000000 2
2630.000000 5403.000000 2
-2926.000000 4722.000000 2
2500.000000 984.000000 2
5343.000000 -1831.000000 2
-130.000000 4075.000000 2
-4900.000000 2642.000000 2
291.000000 -5634.000000 2
1859.000000 4932.000000 2
-1387.000000 -3977.000000 2
-1407.000000 3770.000000 2
-3364.000000 -3144.000000 2
-3662.000000 3654.000000 2
-1823.000000 -5277.000000 2
3789.000000 -2010.000000 2
5463.000000 -2526.000000 2
2683.000000 359.000000 2
-484.000000 550.000000 2
3118.000000 -4408.000000 2
3617.000000 -5266.000000 2
1872.000000 -1280.000000 2
-2074.000000 2283.000000 2
4377.000000 5793.000000 2
-1014.000000 5633.000000 2
-3834.000000 -321.000000 2
3361.000000 -1359.000000 2
-26.000000 -2068.000000 2
3495.000000 5109.000000 2
-5514.000000 5862.000000 2
-5293.000000 -5397.000000 2
5359.000000 -1516.000000 2
-5040.000000 5525.000000 2
-5026.000000 -2451.000000 2
-5080.000000 -2560.000000 2
2325.000000 2745.000000 2
3042.000000 2948.000000 2
5793.000000 1116.000000 2
-5746.000000 459.000000 2
-4228.000000 -2096.000000 2
-4706.000000 662.000000 2
-4285.000000 -3407.000000 2
-3337.000000 1532.000000 2
2122.000000 1055.000000 2
1768.000000 -2668.000000 2
-1650.000000 -160.000000 2
-5381.000000 -810.000000 2
3979.000000 1861.000000 2
-2743.000000 -5283.000000 2
-2449.000000 1358.000000 2
-1229.000000 879.000000 2
2575.000000 2287.000000 2
-1906.000000 -5984.000000 2
-326.000000 821.000000 2
191.000000 -3213.000000 2
2315.000000 228.000000 2
2887.000000 5315.000000 2
-1758.000000 2083.000000 2
384.000000 -4319.000000 2
-588.000000 -869.000000 2
-3095.000000 -3713.000000 2
2722.000000 -4101.000000 2
-1665.000000 -2772.000000 2
1864.000000 -3425.000000 2
5773.000000 1665.000000 2
3991.000000 -4110.000000 2
-4060.000000 -900.000000 2
-955.000000 -1134.000000 2
-4114.000000 -2934.000000 2
-3933.000000 2227.000000 2
2944.000000 107.000000 2
1871.000000 263.000000 2
463.000000 -4112.000000 2
-3605.000000 -4516.000000 2
2564.000000 -5272.000000 2
-178.000000 230.000000 2
-4622.000000 4700.000000 2
-3622.000000 -4257.000000 2
-2617.000000 119.000000 2
525.000000 -4532.000000 2
-3518.000000 1418.000000 2
1852.000000 -5054.000000 2
-1596.000000 -4849.000000 2
509.000000 3977.000000 2
-4214.000000 3660.000000 2
-796.000000 -2113.000000 2
3898.000000 -1926.000000 2
-2096.000000 -4416.000000 2
507.000000 -281.000000 2
-5658.000000 1061.000000 2
-3350.000000 2201.000000 2
-2305.000000 1738.000000 2
-5013.000000 2036.000000 2
-1922.000000 3541.000000 2
700.000000 -5154.000000 2
5380.000000 4851.000000 2
-2384.000000 -704.000000 2
-5625.000000 485.000000 2
2779.000000 -2801.000000 2
-3424.000000 892.000000 2
-1815.000000 1933.000000 2
-4699.000000 -1952.000000 2
1076.000000 -5462.000000 2
1943.000000 5847.000000 2
-1002.000000 -3122.000000 2
-3300.000000 772.000000 2
-3269.000000 443.000000 2
-1329.000000 5582.000000 2
-4518.000000 -1969.000000 2
726.000000 -381.000000 2
-4602.000000 -5720.000000 2
3604.000000 -4579.000000 2
2432.000000 -1877.000000 2
2784.000000 1699.000000 2
1392.000000 -3162.000000 2
-777.000000 4659.000000 2
4500.000000 2452.000000 2
558.000000 -2113.000000 2
-4393.000000 -607.000000 2
-118.000000 1717.000000 2
-1531.000000 -4593.000000 2
-3469.000000 -4797.000000 2
1534.000000 -5544.000000 2
-2010.000000 -2533.000000 2
-54.000000 -2379.000000 2
-22.000000 -5997.000000 2
-4308.000000 4414.000000 2
1509.000000 113.000000 2
1978.000000 4691.000000 2
752.000000 -5595.000000 2
-3861.000000 -5062.000000 2
-1048.000000 -2057.000000 2
-1294.000000 -1942.000000 2
-3449.000000 4738.000000 2
1867.000000 -2808.000000 2
914.000000 -3295.000000 2
2483.000000 -2384.000000 2
-652.000000 4938.000000 2
-36.000000 822.000000 2
4492.000000 2712.000000 2
-5055.000000 13.000000 2
706.000000 109.000000 2
-489.000000 -5176.000000 2
4703.000000 -1289.000000 2
-5211.000000 -705.000000 2
1629.000000 4114.000000 2
-138.000000 -3436.000000 2
5405.000000 -4817.000000 2
2732.000000 -2441.000000 2
2680.000000 4404.000000 2
2263.000000 1607.000000 2
600.000000 3331.000000 2
-1914.000000 1018.000000 2
1416.000000 5951.000000 2
-739.000000 2014.000000 2
-4151.000000 -2355.000000 2
-2393.000000 1920.000000 2
4998.000000 -2184.000000 2
-882.000000 -3026.000000 2
1930.000000 -457.000000 2
-2038.000000 -4264.000000 2
3057.000000 -1198.000000 2
-5194.000000 -5636.000000 2
284.000000 3363.000000 2
2601.000000 4035.000000 2
-5047.000000 -1926.000000 2
-4317.000000 5125.000000 2
-669.000000 4964.000000 2
-5882.000000 2932.000000 2
5909.000000 -4852.000000 2
-856.000000 856.000000 2
-2971.000000 -4094.000000 2
-218.000000 -4746.000000 2
-2145.000000 -3300.000000 2
4186.000000 4983.000000 2
1998.000000 -5286.000000 2
80.000000 3014.000000 2
818.000000 1070.000000 2
-4138.000000 1338.000000 2
2895.000000 -5220.000000 2
3826.000000 -2699.000000 2
2435.000000 1406.000000 2
4888.000000 -4340.000000 2
2330.000000 4747.000000 2
444.000000 -888.000000 2
-5243.000000 -4103.000000 2
2437.000000 -1172.000000 2
904.000000 448.000000 2
-125.000000 2199.000000 2
-3437.000000 961.000000 2
-669.000000 -4980.000000 2
1012.000000 -4825.000000 2
5056.000000 -2831.000000 2
-86.000000 -19.000000 2
-2980.000000 1910.000000 2
-4163.000000 -5727.000000 2
4175.000000 374.000000 2
-1204.000000 -5785.000000 2
-1954.000000 5474.000000 2
-1113.000000 3904.000000 2
720.000000 -5188.000000 2
-1665.000000 2188.000000 2
-3395.000000 -3007.000000 2
-358.000000 3534.000000 2
-2679.000000 -5557.000000 2
-4213.000000 5264.000000 2
-3728.000000 1910.000000 2
-1022.000000 4423.000000 2
-5247.000000 -2559.000000 2
4864.000000 -3241.000000 2
-16.000000 1783.000000 2
1614.000000 -2470.000000 2
-4025.000000 79.000000 2
-1234.000000 1245.000000 2
-5572.000000 -48.000000 2
657.000000 -3796.000000 2
-5143.000000 1561.000000 2
2698.000000 -1521.000000 2
-1480.000000 1536.000000 2
5476.000000 1972.000000 2
1341.000000 -4358.000000 2
-1520.000000 1200.000000 2
137.000000 5595.000000 2
-1567.000000 -2272.000000 2
2364.000000 -1123.000000 2
-2436.000000 3861.000000 2
-2437.000000 -4378.000000 2
489.000000 -753.000000 2
-3422.000000 2437.000000 2
3215.000000 4937.000000 2
5787.000000 4062.000000 2
3360.000000 -4810.000000 2
-976.000000 -1145.000000 2
5424.000000 2153.000000 2
-5539.000000 2993.000000 2
1772.000000 -2885.000000 2
-886.000000 -5813.000000 2
5736.000000 -1943.000000 2
696.000000 -5629.000000 2
-2950.000000 5212.000000 2
5337.000000 1423.000000 2
4197.000000 -4402.000000 2
5508.000000 -3861.000000 2
632.000000 4201.000000 2
-1943.000000 -1021.000000 2
3769.000000 -110.000000 2
2211.000000 5428.000000 2
1084.000000 -2746.000000 2
3180.000000 -306.000000 2
-1000.000000 3523.000000 2
117.000000 2556.000000 2
-4805.000000 394.000000 2
1910.000000 -25.000000 2
-5827.000000 -3484.000000 2
-1342.000000 -2344.000000 2
-4973.000000 -3997.000000 2
-5857.000000 -1635.000000 2
-2139.000000 -3254.000000 2
-2091.000000 -530.000000 2
738.000000 943.000000 2
-4188.000000 5968.000000 2
-4270.000000 -1600.000000 2
-1573.000000 -3207.000000 2
2445.000000 3332.000000 2
-1690.000000 -2955.000000 2
2666.000000 -1404.000000 2
-4952.000000 1001.000000 2
-5990.000000 -4982.000000 2
1257.000000 5174.000000 2
4086.000000 -280.000000 2
1074.000000 -1248.000000 2
-3530.000000 -2693.000000 2
-489.000000 -112.000000 2
-3133.000000 1777.000000 2
-4205.000000 -4202.000000 2
-5361.000000 106.000000 2
-1734.000000 4403.000000 2
1156.000000 -2308.000000 2
-3893.000000 -2282.000000 2
-805.000000 -5095.000000 2
-2811.000000 2150.000000 2
-2194.000000 2004.000000 2
221.000000 -2241.000000 2
4847.000000 -4959.000000 2
-3828.000000 384.000000 2
4219.000000 2205.000000 2
1933.000000 -4219.000000 2
4777.000000 1646.000000 2
-1272.000000 752.000000 2
-1721.000000 -3444.000000 2
1608.000000 -5267.000000 2
-537.000000 1633.000000 2
-2668.000000 5557.000000 2
-2218.000000 -4852.000000 2
5564.000000 -4044.000000 2
-82.000000 5996.000000 2
-3918.000000 -5785.000000 2
-1908.000000 379.000000 2
-2756.000000 -1688.000000 2
868.000000 1529.000000 2
999.000000 3245.000000 2
2067.000000 971.000000 2
-4898.000000 3053.000000 2
-4586.000000 -5916.000000 2
571.000000 2916.000000 2
-2695.000000 2178.000000 2
-3108.000000 2233.000000 2
-5293.000000 -1988.000000 2
-2054.000000 670.000000 2
-208.000000 5851.000000 2
982.000000 -2695.000000 2
-2738.000000 -3290.000000 2
4277.000000 -5279.000000 2
108.000000 -4254.000000 2
2670.000000 -2902.000000 2
-1632.000000 1625.000000 2
1569.000000 -636.000000 2
40.000000 1947.000000 2
619.000000 1696.000000 2
-1021.000000 -3005.000000 2
-393.000000 -2922.000000 2
3906.000000 -1636.000000 2
1367.000000 -3389.000000 2
3929.000000 1507.000000 2
-3629.000000 5718.000000 2
3354.000000 2574.000000 2
-2048.000000 2989.000000 2
-2525.000000 -5075.000000 2
1621.000000 -3652.000000 2
-5578.000000 -944.000000 2
-5381.000000 -2162.000000 2
4171.000000 2250.000000 2
-3261.000000 -4146.000000 2
65.000000 -780.000000 2
5628.000000 5192.000000 2
-2630.000000 1301.000000 2
-5339.000000 -4564.000000 2
-1976.000000 -5471.000000 2
-4608.000000 -5933.000000 2
-4478.000000 -4769.000000 2
-409.000000 -5051.000000 2
1852.000000 -2513.000000 2
5475.000000 5050.000000 2
-362.000000 -3861.000000 2
-3781.000000 -5185.000000 2
4819.000000 -5810.000000 2
-5078.000000 2908.000000 2
5004.000000 1939.000000 2
-1612.000000 563.000000 2
2214.000000 4575.000000 2
-3782.000000 1676.000000 2
-5150.000000 -767.000000 2
-116.000000 -1073.000000 2
5748.000000 2553.000000 2
735.000000 -4847.000000 2
-3754.000000 2839.000000 2
3615.000000 -2190.000000 2
1118.000000 5221.000000 2
1959.000000 -2586.000000 2
-4339.000000 1320.000000 2
3662.000000 5044.000000 2
1993.000000 3491.000000 2
-1948.000000 4571.000000 2
-1107.000000 1468.000000 2
4189.000000 -5157.000000 2
-2689.000000 2723.000000 2
-5651.000000 -3597.000000 2
515.000000 -432.000000 2
-4619.000000 2759.000000 2
1454.000000 1708.000000 2
-195.000000 2308.000000 2
-3842.000000 -4237.000000 2
-989.000000 -1209.000000 2
4200.000000 -4199.000000 2
4915.000000 -3334.000000 2
3057.000000 -5717.000000 2
-5129.000000 225.000000 2
929.000000 4695.000000 2
-1648.000000 -5323.000000 2
693.000000 -306.000000 2
838.000000 14.000000 2
628.000000 5768.000000 2
3388.000000 -5786.000000 2
1989.000000 393.000000 2
-4952.000000 -2661.000000 2
-3105.000000 4195.000000 2
1186.000000 5557.000000 2
-1088.000000 -2948.000000 2
-4166.000000 1578.000000 2
2594.000000 -1519.000000 2
-5201.000000 1438.000000 2
-597.000000 -3844.000000 2
5021.000000 5519.000000 2
5988.000000 -3534.000000 2
1111.000000 -5808.000000 2
-372.000000 5551.000000 2
-2250.000000 -4333.000000 2
-2578.000000 -2186.000000 2
-3888.000000 1837.000000 2
-432.000000 -2124.000000 2
4108.000000 3349.000000 2
-3123.000000 677.000000 2
-4203.000000 5581.000000 2
-5466.000000 -775.000000 2
1933.000000 -4636.000000 2
2548.000000 -2088.000000 2
-3292.000000 -2982.000000 2
-3359.000000 -157.000000 2
1545.000000 -4410.000000 2
5816.000000 3933.000000 2
-2816.000000 -1259.000000 2
-3782.000000 -5782.000000 2
1205.000000 1364.000000 2
-2605.000000 5590.000000 2
-3600.000000 -4880.000000 2
4844.000000 2425.000000 2
-3030.000000 -2565.000000 2
-4414.000000 -2790.000000 2
-2497.000000 2642.000000 2
-3658.000000 -1582.000000 2
2179.000000 -388.000000 2
-3545.000000 -333.000000 2
-3622.000000 -2186.000000 2
-2755.000000 5096.000000 2
899.000000 -627.000000 2
-4025.000000 -4385.000000 2
2676.000000 -2004.000000 2
1351.000000 1252.000000 2
-1332.000000 -1833.000000 2
1932.000000 -1713.000000 2
-3387.000000 -5738.000000 2
1473.000000 833.000000 2
4905.000000 -1482.000000 2
-1276.000000 5547.000000 2
-1657.000000 2124.000000 2
-1510.000000 -4688.000000 2
-2299.000000 4988.000000 2
225.000000 3020.000000 2
184.000000 2585.000000 2
4358.000000 -1324.000000 2
2098.000000 -3762.000000 2
-1225.000000 2496.000000 2
4027.000000 1052.000000 2
-2020.000000 1223.000000 2
1699.000000 -4891.000000 2
-5598.000000 -3511.000000 2
1911.000000 -2648.000000 2
-4521.000000 -5869.000000 2
1138.000000 -3282.000000 2
3677.000000 -4865.000000 2
-74.000000 -699.000000 2
5497.000000 -4870.000000 2
-3813.000000 -3574.000000 2
-2549.000000 -4598.000000 2
-4089.000000 -19.000000 2
-5885.000000 -1809.000000 2
2878.000000 4591.000000 2
-1326.000000 -1048.000000 2
-3684.000000 4591.000000 2
-5345.000000 474.000000 2
-3423.000000 1029.000000 2
155.000000 -755.000000 2
-2067.000000 2063.000000 2
-2281.000000 2200.000000 2
4684.000000 -2805.000000 2
5044.000000 -4418.000000 2
-429.000000 -5437.000000 2
2715.000000 4408.000000 2
812.000000 -1169.000000 2
4942.000000 -523.000000 2
750.000000 2232.000000 2
3326.000000 -513.000000 2
4305.000000 -1191.000000 2
415.000000 -5408.000000 2
-5664.000000 3947.000000 2
4761.000000 5733.000000 2
3375.000000 2433.000000 2
-3007.000000 5762.000000 2
-5809.000000 4721.000000 2
-121.000000 4694.000000 2
5120.000000 -2924.000000 2
-5360.000000 657.000000 2
3239.000000 -113.000000 2
-1209.000000 -1773.000000 2
-4991.000000 -4621.000000 2
-2512.000000 2998.000000 2
-4234.000000 -3774.000000 2
-674.000000 -1202.000000 2
-5840.000000 2004.000000 2
-5114.000000 -3120.000000 2
-1554.000000 -5959.000000 2
-1486.000000 1969.000000 2
-4811.000000 863.000000 2
2394.000000 -3056.000000 2
70.000000 1238.000000 2
1712.000000 -5417.000000 2
-490.000000 -5774.000000 2
-2501.000000 3358.000000 2
1530.000000 1905.000000 2
743.000000 977.000000 2
-1695.000000 -2786.000000 2
1563.000000 -1516.000000 2
-3034.000000 4437.000000 2
-949.000000 3363.000000 2
-442.000000 4328.000000 2
-3505.000000 -5954.000000 2
4719.000000 -1087.000000 2
-4269.000000 -3771.000000 2
-326.000000 1833.000000 2
3824.000000 1856.000000 2
-5638.000000 -1816.000000 2
1339.000000 -1085.000000 2
-2059.000000 -754.000000 2
-5668.000000 80.000000 2
-3085.000000 -1167.000000 2
1954.000000 2365.000000 2
4948.000000 4216.000000 2
4854.000000 5847.000000 2
2695.000000 3224.000000 2
-2963.000000 -2265.000000 2
-1671.000000 -5636.000000 2
-671.000000 -588.000000 2
330.000000 -3509.000000 2
290.000000 -3127.000000 2
1670.000000 -3643.000000 2
-2039.000000 -4743.000000 2
-430.000000 1709.000000 2
1710.000000 -4256.000000 2
-3706.000000 1773.000000 2
1371.000000 -3860.000000 2
-5958.000000 -5993.000000 2
1568.000000 -132.000000 2
1444.000000 -1464.000000 2
1032.000000 5928.000000 2
-4991.000000 1298.000000 2
-4116.000000 -4991.000000 2
-1135.000000 2970.000000 2
-2074.000000 -4935.000000 2
-4600.000000 286.000000 2
5673.000000 -3962.000000 2
-5118.000000 187.000000 2
-529.000000 -3165.000000 2
-5769.000000 2319.000000 2
-1389.000000 -2792.000000 2
-2064.000000 1882.000000 2
-3008.000000 2556.000000 2
-263.000000 1418.000000 2
5865.000000 -2184.000000 2
1623.000000 2295.000000 2
-549.000000 493.000000 2
-4933.000000 -2740.000000 2
-208.000000 3129.000000 2
1815.000000 1736.000000 2
4805.000000 -3050.000000 2
3153.000000 -1532.000000 2
-1809.000000 -4061.000000 2
4502.000000 -651.000000 2
-2839.000000 -793.000000 2
2897.000000 -2060.000000 2
-879.000000 1523.000000 2
-2436.000000 5916.000000 2
-1677.000000 3271.000000 2
-75.000000 1875.000000 2
1958.000000 -3688.000000 2
2805.000000 2349.000000 2
3446.000000 241.000000 2
2206.000000 -1938.000000 2
2561.000000 -3721.000000 2
5619.000000 -4241.000000 2
-3065.000000 -527.000000 2
2988.000000 2787.000000 2
4987.000000 3336.000000 2
-23.000000 -935.000000 2
-5409.000000 -4852.000000 2
-313.000000 -1916.000000 2
-1009.000000 2679.000000 2
-2639.000000 5722.000000 2
-4292.000000 3158.000000 2
-2055.000000 -1158.000000 2
5789.000000 -3228.000000 2
103.000000 594.000000 2
4801.000000 -2439.000000 2
-5135.000000 3776.000000 2
-2712.000000 260.000000 2
972.000000 2871.000000 2
2034.000000 2741.000000 2
-5055.000000 -5884.000000 2
-5193.000000 2302.000000 2
5316.000000 2065.000000 2
-1927.000000 -4870.000000 2
5665.000000 -3383.000000 2
2967.000000 2446.000000 2
536.000000 349.000000 2
-4828.000000 -4753.000000 2
5771.000000 4135.000000 2
2135.000000 1925.000000 2
-3883.000000 -2642.000000 2
4516.000000 2543.000000 2
-4803.000000 -4407.000000 2
-565.000000 -4889.000000 2
-5174.000000 5639.000000 2
1199.000000 1479.000000 2
-294.000000 -18.000000 2
4458.000000 2220.000000 2
-4754.000000 -189.000000 2
-5473.000000 89.000000 2
-3000.000000 1290.000000 2
-4304.000000 -5793.000000 2
2552.000000 653.000000 2
-3279.000000 -964.000000 2
-1677.000000 -1310.000000 2
-4164.000000 -1726.000000 2
6.000000 -760.000000 2
807.000000 -870.000000 2
4457.000000 -941.000000 2
5299.000000 -2744.000000 2
-5769.000000 -631.000000 2
-4186.000000 -1583.000000 2
4124.000000 -501.000000 2
-2884.000000 -518.000000 2
4592.000000 -1192.000000 2
-3303.000000 -3182.000000 2
-3196.000000 974.000000 2
-2878.000000 -5645.000000 2
2202.000000 -4846.000000 2
812.000000 -1819.000000 2
4858.000000 -974.000000 2
-4363.000000 -5596.000000 2
-2046.000000 -1654.000000 2
-4430.000000 35.000000 2
2078.000000 -3164.000000 2
4009.000000 -1872.000000 2
-583.000000 867.000000 2
2944.000000 -326.000000 2
-1838.000000 -4639.000000 2
-4747.000000 -5904.000000 2
-5102.000000 3991.000000 2
-5297.000000 4108.000000 2
4060.000000 1662.000000 2
1557.000000 2129.000000 2
5766.000000 -588.000000 2
1886.000000 497.000000 2
5576.000000 1857.000000 2
4040.000000 209.000000 2
-4365.000000 2746.000000 2
-1011.000000 3824.000000 2
-5404.000000 -5755.000000 2
1523.000000 -3066.000000 2
5176.000000 3678.000000 2
867.000000 -470.000000 2
-5278.000000 3226.000000 2
4477.000000 5847.000000 2
731.000000 2570.000000 2
5417.000000 -3856.000000 2
-839.000000 162.000000 2
-623.000000 -4991.000000 2
-221.000000 2490.000000 2
1293.000000 1032.000000 2
4548.000000 -2059.000000 2
-5313.000000 -5869.000000 2
2046.000000 -2751.000000 2
1856.000000 5067.000000 2
-510.000000 -3810.000000 2
5403.000000 -3502.000000 2
861.000000 -1150.000000 2
1081.000000 3498.000000 2
-2188.000000 28.000000 2
-3076.000000 -4170.000000 2
-5549.000000 -2281.000000 2
-1840.000000 -4731.000000 2
3906.000000 -5758.000000 2
-2210.000000 -1141.000000 2
1338.000000 -2578.000000 2
-3325.000000 -1774.000000 2
-3977.000000 3927.000000 2
512.000000 -4846.000000 2
4142.000000 -3066.000000 2
3252.000000 -3812.000000 2
-5120.000000 3926.000000 2
-1497.000000 -4579.000000 2
1775.000000 2166.000000 2
-5240.000000 -287.000000 2
-4847.000000 591.000000 2
3098.000000 4918.000000 2
-5789.000000 -4345.000000 2
-3766.000000 -4173.000000 2
-4800.000000 2949.000000 2
5604.000000 -2984.000000 2
-4206.000000 5206.000000 2
-954.000000 -553.000000 2
-1880.000000 2350.000000 2
4821.000000 -428.000000 2
969.000000 -3149.000000 2
5935.000000 1610.000000 2
-5241.000000 5367.000000 2
3585.000000 -3154.000000 2
2551.000000 -5852.000000 2
-3398.000000 2775.000000 2
-3967.000000 -5603.000000 2
-1665.000000 -3170.000000 2
1651.000000 1026.000000 2
5856.000000 2018.000000 2
2427.000000 -4012.000000 2
459.000000 -2801.000000 2
-3244.000000 -1350.000000 2
-5056.000000 5760.000000 2
-1632.000000 -668.000000 2
-4251.000000 1763.000000 2
-937.000000 -1682.000000 2
-2118.000000 1149.000000 2
63.000000 7.000000 2
1168.000000 5229.000000 2
-1155.000000 4050.000000 2
-4555.000000 213.000000 2
5451.000000 -5492.000000 2
-4429.000000 -170.000000 2
-1334.000000 -5712.000000 2
-5.000000 5275.000000 2
-4230.000000 4952.000000 2
827.000000 -5863.000000 2
-2840.000000 228.000000 2
-4648.000000 -5611.000000 2
1702.000000 2879.000000 2
2264.000000 -1658.000000 2
-2783.000000 -2144.000000 2
3518.000000 -1219.000000 2
-5937.000000 4463.000000 2
-325.000000 -893.000000 2
-2968.000000 -4599.000000 2
3651.000000 482.000000 2
4280.000000 -4890.000000 2
575.000000 1958.000000 2
3249.000000 2328.000000 2
65.000000 421.000000 2
1125.000000 1015.000000 2
2781.000000 -4132.000000 2
660.000000 4987.000000 2
2933.000000 5020.000000 2
931.000000 2121.000000 2
1397.000000 -1690.000000 2
-2449.000000 -1743.000000 2
2017.000000 947.000000 2
3744.000000 -1993.000000 2
-1940.000000 791.000000 2
-5183.000000 -4303.000000 2
1259.000000 198.000000 2
2799.000000 -4495.000000 2
-2359.000000 1335.000000 2
-3888.000000 1540.000000 2
-2532.000000 -24.000000 2
1797.000000 -295.000000 2
-1545.000000 2978.000000 2
-61.000000 -2362.000000 2
-4127.000000 -3265.000000 2
-5729.000000 -5464.000000 2
-4218.000000 906.000000 2
4136.000000 -5719.000000 2
3469.000000 -986.000000 2
-4038.000000 -1273.000000 2
2410.000000 1137.000000 2
2927.000000 -2830.000000 2
-4011.000000 1673.000000 2
-839.000000 118.000000 2
4506.000000 624.000000 2
-1778.000000 -4646.000000 2
2514.000000 1389.000000 2
-3806.000000 -24.000000 2
2355.000000 2131.000000 2
-5765.000000 1934.000000 2
-1501.000000 -5691.000000 2
2881.000000 3492.000000 2
-4814.000000 218.000000 2
373.000000 -4272.000000 2
-55.000000 -3490.000000 2
-2556.000000 -634.000000 2
-5891.000000 -2151.000000 2
-5189.000000 1556.000000 2
617.000000 916.000000 2
2461.000000 -5508.000000 2
-101.000000 569.000000 2
-5357.000000 -2365.000000 2
-4499.000000 -4198.000000 2
131.000000 -5174.000000 2
-4489.000000 -3466.000000 2
-955.000000 -5637.000000 2
-1341.000000 -4553.000000 2
-5742.000000 3943.000000 2
-5631.000000 -1890.000000 2
-2083.000000 -4403.000000 2
4732.000000 -573.000000 2
-2138.000000 1021.000000 2
909.000000 -360.000000 2
-4755.000000 -3906.000000 2
-241.000000 -2674.000000 2
-2332.000000 -243.000000 2
5683.000000 923.000000 2
-376.000000 1287.000000 2
-1292.000000 1754.000000 2
4369.000000 2217.000000 2
2093.000000 5938.000000 2
-1880.000000 149.000000 2
3113.000000 3548.000000 2
-1927.000000 5495.000000 2
763.000000 -5473.000000 2
-2551.000000 -375.000000 2
-4432.000000 -3618.000000 2
-1239.000000 1141.000000 2
-1374.000000 -1931.000000 2
-2740.000000 -4007.000000 2
3855.000000 4768.000000 2
5621.000000 -3537.000000 2
553.000000 -3715.000000 2
277.000000 -5587.000000 2
-1137.000000 1010.000000 2
-5996.000000 -4149.000000 2
-133.000000 3410.000000 2
5773.000000 483.000000 2
-2627.000000 1404.000000 2
4639.000000 2110.000000 2
3561.000000 5956.000000 2
672.000000 -4180.000000 2
-4596.000000 -4009.000000 2
-4907.000000 -940.000000 2
3909.000000 -4295.000000 2
-1856.000000 1965.000000 2
721.000000 1265.000000 2
-5126.000000 747.000000 2
-4729.000000 -2201.000000 2
897.000000 -1377.000000 2
-1626.000000 5964.000000 2
4307.000000 3928.000000 2
-3637.000000 -3909.000000 2
-4197.000000 3599.000000 2
-5369.000000 -4961.000000 2
-2325.000000 -670.000000 2
-4143.000000 5430.000000 2
-1685.000000 -3074.000000 2
408.000000 4724.000000 2
2449.000000 -766.000000 2
-4228.000000 1963.000000 2
4978.000000 226.000000 2
4925.000000 -2231.000000 2
312.000000 -2135.000000 2
-1036.000000 386.000000 2
5877.000000 2563.000000 2
-831.000000 -4529.000000 2
726.000000 -4838.000000 2
-3452.000000 2135.000000 2
-197.000000 927.000000 2
2064.000000 -2898.000000 2
2310.000000 -1876.000000 2
2812.000000 -5476.000000 2
-2638.000000 -4345.000000 2
-4804.000000 4287.000000 2
-2938.000000 5705.000000 2
528.000000 -5197.000000 2
1866.000000 -3809.000000 2
4251.000000 -1072.000000 2
-4231.000000 2193.000000 2
-3945.000000 5813.000000 2
-5672.000000 -222.000000 2
1320.000000 2084.000000 2
3046.000000 2456.000000 2
2382.000000 1773.000000 2
2389.000000 -1060.000000 2
-5474.000000 -1296.000000 2
-1225.000000 -957.000000 2
882.000000 2430.000000 2
-644.000000 2990.000000 2
-2400.000000 543.000000 2
2108.000000 5935.000000 2
-1911.000000 -4039.000000 2
-2065.000000 -4914.000000 2
2164.000000 -2449.000000 2
-5819.000000 459.000000 2
5338.000000 -376.000000 2
-3309.000000 1156.000000 2
-4349.000000 -3790.000000 2
2763.000000 4761.000000 2
2193.000000 3782.000000 2
-4336.000000 2542.000000 2
-2374.000000 3118.000000 2
-984.000000 -4239.000000 2
-5572.000000 3812.000000 2
1330.000000 -2116.000000 2
-4564.000000 -3715.000000 2
-903.000000 2205.000000 2
2736.000000 1254.000000 2
-5430.000000 -2667.000000 2
-3890.000000 909.000000 2
4195.000000 5278.000000 2
2436.000000 4675.000000 2
2893.000000 4017.000000 2
-2566.000000 1025.000000 2
-2292.000000 -2778.000000 2
-5324.000000 -215.000000 2
-4172.000000 -1092.000000 2
1421.000000 4078.000000 2
-2690.000000 -932.000000 2
2336.000000 951.000000 2
-5125.000000 1562.000000 2
968.000000 -3233.000000 2
-4280.000000 1915.000000 2
-4725.000000 -4191.000000 2
2947.000000 4093.000000 2
4755.000000 -1102.000000 2
4796.000000 -1613.000000 2
-4963.000000 367.000000 2
-4881.000000 3184.000000 2
693.000000 -1671.000000 2
2194.000000 1799.000000 2
-1406.000000 -1122.000000 2
5802.000000 -3280.000000 2
-355.000000 -1286.000000 2
-4349.000000 -2355.000000 2
-2904.000000 670.000000 2
-5696.000000 -5555.000000 2
-2627.000000 5103.000000 2
-1393.000000 -4111.000000 2
-348.000000 -3470.000000 2
-736.000000 2030.000000 2
2441.000000 4647.000000 2
1144.000000 -2894.000000 2
1197.000000 -3053.000000 2
-1887.000000 2986.000000 2
828.000000 -381.000000 2
4100.000000 -2428.000000 2
4768.000000 -4690.000000 2
5530.000000 2160.000000 2
788.000000 -1382.000000 2
2367.000000 -5012.000000 2
-2438.000000 -3199.000000 2
5256.000000 -768.000000 2
113.000000 -3595.000000 2
3191.000000 -3769.000000 2
3106.000000 -5598.000000 2
-20.000000 -688.000000 2
2266.000000 -4557.000000 2
3806.000000 2179.000000 2
2268.000000 -5096.000000 2
1642.000000 -280.000000 2
1528.000000 -1914.000000 2
2251.000000 -1724.000000 2
5623.000000 799.000000 2
-3253.000000 -923.000000 2
-3752.000000 -1996.000000 2
3961.000000 5249.000000 2
-2112.000000 -1207.000000 2
1628.000000 122.000000 2
-4435.000000 5944.000000 2
-5849.000000 4004.000000 2
12.000000 5720.000000 2
-1427.000000 -3926.000000 2
-2996.000000 5502.000000 2
-778.000000 5166.000000 2
-1261.000000 1572.000000 2
2963.000000 -4048.000000 2
-1841.000000 2314.000000 2
-4657.000000 -3536.000000 2
-4817.000000 1147.000000 2
-2554.000000 663.000000 2
-2285.000000 -910.000000 2
4346.000000 -301.000000 2
2593.000000 -3364.000000 2
804.000000 -2718.000000 2
90.000000 -2848.000000 2
1736.000000 5554.000000 2
-724.000000 -5444.000000 2
-4916.000000 1957.000000 2
-2583.000000 -2799.000000 2
3242.000000 -486.000000 2
-840.000000 4834.000000 2
-2877.000000 -1782.000000 2
-1462.000000 -648.000000 2
-3753.000000 -4655.000000 2
-3696.000000 1002.000000 2
-3821.000000 -5458.000000 2
-5748.000000 -1285.000000 2
842.000000 2732.000000 2
261.000000 3333.000000 2
-505.000000 3617.000000 2
-5506.000000 -843.000000 2
3905.000000 -5353.000000 2
4937.000000 -1706.000000 2
-2960.000000 -3127.000000 2
5944.000000 4147.000000 2
1119.000000 -975.000000 2
-620.000000 5879.000000 2
-2269.000000 -1440.000000 2
1234.000000 -2825.000000 2
5707.000000 -2291.000000 2
675.000000 -4749.000000 2
-4551.000000 1841.000000 2
-4790.000000 -584.000000 2
-2896.000000 5554.000000 2
-3693.000000 2729.000000 2
1901.000000 2303.000000 2
-3965.000000 2016.000000 2
2491.000000 -5829.000000 2
-3669.000000 -4369.000000 2
-2238.000000 -4834.000000 2
-4992.000000 -5428.000000 2
-4480.000000 4153.000000 2
-848.000000 -1555.000000 2
-3654.000000 1752.000000 2
-275.000000 -4849.000000 2
2644.000000 5004.000000 2
-3954.000000 -2370.000000 2
-5376.000000 -3574.000000 2
-681.000000 -5808.000000 2
-1964.000000 -5202.000000 2
-2251.000000 3986.000000 2
-1985.000000 -4284.000000 2
-2513.000000 4712.000000 2
-803.000000 5832.000000 2
-838.000000 2574.000000 2
-1943.000000 2220.000000 2
-5749.000000 -4059.000000 2
978.000000 -5830.000000 2
754.000000 1579.000000 2
-143.000000 -1925.000000 2
5477.000000 -4887.000000 2
-1382.000000 -5736.000000 2
4538.000000 2419.000000 2
-4975.000000 -2337.000000 2
-1638.000000 -5333.000000 2
-2657.000000 1448.000000 2
1202.000000 3271.000000 2
2853.000000 -1961.000000 2
5004.000000 3157.000000 2
-2096.000000 5989.000000 2
-802.000000 -5092.000000 2
5294.000000 -5381.000000 2
-2240.000000 -2428.000000 2
1440.000000 -1762.000000 2
1603.000000 -5895.000000 2
-1360.000000 2545.000000 2
-63.000000 -4180.000000 2
-3708.000000 -4361.000000 2
5104.000000 -325.000000 2
4532.000000 -1575.000000 2
-2501.000000 -302.000000 2
-327.000000 1607.000000 2
2578.000000 369.000000 2
2918.000000 1122.000000 2
257.000000 2191.000000 2
4668.000000 121.000000 2
-4193.000000 3264.000000 2
-4904.000000 -3246.000000 2
-3161.000000 5556.000000 2
-1744.000000 -3828.000000 2
1644.000000 -5536.000000 2
-1602.000000 -5086.000000 2
-4535.000000 1728.000000 2
2811.000000 1939.000000 2
-3242.000000 -1699.000000 2
-720.000000 -1217.000000 2
4642.000000 2763.000000 2
-151.000000 -5035.000000 2
-3843.000000 -2697.000000 2
43.000000 -149.000000 2
1365.000000 351.000000 2
4648.000000 -1171.000000 2
-3579.000000 -5950.000000 2
-2352.000000 -4550.000000 2
-4760.000000 -3398.000000 2
4650.000000 -2165.000000 2
4724.000000 -665.000000 2
-5212.000000 3670.000000 2
3940.000000 3150.000000 2
-4345.000000 -3214.000000 2
4118.000000 -255.000000 2
4430.000000 1851.000000 2
-2313.000000 -3423.000000 2
-968.000000 632.000000 2
-3716.000000 2945.000000 2
-5220.000000 1851.000000 2
2898.000000 -3667.000000 2
413.000000 3529.000000 2
-5160.000000 -5014.000000 2
5854.000000 -4197.000000 2
2699.000000 4352.000000 2
-3209.000000 -252.000000 2
1986.000000 246.000000 2
-4439.000000 3572.000000 2
-612.000000 -4835.000000 2
2479.000000 -1540.000000 2
-3369.000000 -2001.000000 2
-5067.000000 2707.000000 2
674.000000 1241.000000 2
-5907.000000 1305.000000 2
3669.000000 -5289.000000 2
3008.000000 -5286.000000 2
5407.000000 -5473.000000 2
3170.000000 -4171.000000 2
1696.000000 2337.000000 2
-1591.000000 -5123.000000 2
-3367.000000 -3859.000000 2
1951.000000 3551.000000 2
4640.000000 -3499.000000 2
-1578.000000 -2651.000000 2
-5416.000000 245.000000 2
-5957.000000 827.000000 2
2113.000000 3600.000000 2
-2002.000000 -2831.000000 2
-2069.000000 3325.000000 2
241.000000 3264.000000 2
-5679.000000 -670.000000 2
95.000000 1840.000000 2
-2108.000000 -513.000000 2
-928.000000 -3848.000000 2
-5851.000000 1678.000000 2
-198.000000 -3992.000000 2
1976.000000 1769.000000 2
1577.000000 4004.000000 2
-4971.000000 -5747.000000 2
-4366.000000 465.000000 2
-3712.000000 1790.000000 2
2356.000000 -362.000000 2
2907.000000 1164.000000 2
5857.000000 2555.000000 2
-4069.000000 4788.000000 2
-4372.000000 4980.000000 2
2616.000000 73.000000 2
1666.000000 292.000000 2
-2967.000000 -2540.000000 2
1374.000000 2812.000000 2
-1968.000000 -4870.000000 2
2776.000000 -2269.000000 2
-2959.000000 4125.000000 2
-2242.000000 -4550.000000 2
2793.000000 1894.000000 2
1254.000000 -1344.000000 2
-2596.000000 -4639.000000 2
-5310.000000 -4236.000000 2
3727.000000 3849.000000 2
-235.000000 921.000000 2
664.000000 1286.000000 2
3045.000000 -4257.000000 2
-4237.000000 -3244.000000 2
2673.000000 -2593.000000 2
3798.000000 -1146.000000 2
-4027.000000 -1529.000000 2
5703.000000 427.000000 2
1100.000000 -1609.000000 2
-4339.000000 -368.000000 2
1221.000000 -5109.000000 2
-4060.000000 -1338.000000 2
825.000000 -3142.000000 2
5588.000000 -251.000000 2
5100.000000 -1570.000000 2
-1116.000000 2129.000000 2
-5230.000000 -939.000000 2
1035.000000 -5828.000000 2
-2844.000000 2727.000000 2
264.000000 -724.000000 2
-3213.000000 -1975.000000 2
-3469.000000 4542.000000 2
3708.000000 3682.000000 2
-4108.000000 -3989.000000 2
1565.000000 -5236.000000 2
-3118.000000 -2198.000000 2
4103.000000 3677.000000 2
-4690.000000 1111.000000 2
1684.000000 3047.000000 2
-1519.000000 1139.000000 2
-325.000000 -2020.000000 2
2754.000000 -2517.000000 2
-1823.000000 -5194.000000 2
-4835.000000 5725.000000 2
-429.000000 4693.000000 2
-1471.000000 1304.000000 2
-3759.000000 -1046.000000 2
1097.000000 -5213.000000 2
-2707.000000 -651.000000 2
-5379.000000 -62.000000 2
-3244.000000 5130.000000 2
-5335.000000 4148.000000 2
-4820.000000 -4487.000000 2
-2961.000000 -2432.000000 2
191.000000 -3602.000000 2
-135.000000 -5359.000000 2
-3018.000000 -1354.000000 2
1777.000000 544.000000 2
-5686.000000 -349.000000 2
-4076.000000 1617.000000 2
-4233.000000 3057.000000 2
-508.000000 3360.000000 2
5523.000000 42.000000 2
-962.000000 318.000000 2
-5923.000000 -1273.000000 2
-948.000000 -4426.000000 2
-1255.000000 -5959.000000 2
-5509.000000 -5195.000000 2
1403.000000 2759.000000 2
-4369.000000 -1558.000000 2
-3039.000000 -1640.000000 2
5813.000000 -3703.000000 2
3462.000000 1011.000000 2
-1702.000000 -2122.000000 2
4532.000000 901.000000 2
-4134.000000 1217.000000 2
-4901.000000 4355.000000 2
-1541.000000 1741.000000 2
-5857.000000 -431.000000 2
1883.000000 -4747.000000 2
1590.000000 -1502.000000 2
5639.000000 -5167.000000 2
2163.000000 2016.000000 2
-3249.000000 1909.000000 2
-3940.000000 591.000000 2
-810.000000 -2085.000000 2
2403.000000 -4883.000000 2
-4690.000000 -2621.000000 2
1427.000000 2012.000000 2
-2813.000000 5975.000000 2
-5560.000000 -3708.000000 2
-10.000000 -876.000000 2
2628.000000 2707.000000 2
-1203.000000 518.000000 2
1408.000000 2086.000000 2
841.000000 947.000000 2
-5536.000000 1388.000000 2
-2792.000000 -3366.000000 2
5898.000000 -1688.000000 2
-4180.000000 -1315.000000 2
1688.000000 -1160.000000 2
-116.000000 253.000000 2
3948.000000 821.000000 2
-4214.000000 2246.000000 2
-636.000000 474.000000 2
-3851.000000 2027.000000 2
4974.000000 4135.000000 2
-4721.000000 3026.000000 2
-3011.000000 -2648.000000 2
5474.000000 -4621.000000 2
2108.000000 -2350.000000 2
5102.000000 -2627.000000 2
-5726.000000 5550.000000 2
3878.000000 282.000000 2
1095.000000 -2310.000000 2
-1476.000000 2356.000000 2
-3145.000000 3691.000000 2
-2054.000000 2264.000000 2
5285.000000 3127.000000 2
-1805.000000 -3974.000000 2
-831.000000 3571.000000 2
-3208.000000 -391.000000 2
3789.000000 -360.000000 2
-1297.000000 1380.000000 2
-5940.000000 -1813.000000 2
4290.000000 5021.000000 2
1596.000000 4285.000000 2
-2924.000000 -5795.000000 2
-1531.000000 -48.000000 2
-5863.000000 4088.000000 2
-2542.000000 412.000000 2
2438.000000 -2462.000000 2
-2624.000000 2448.000000 2
-2490.000000 2066.000000 2
-4107.000000 -4035.000000 2
399.000000 -5529.000000 2
-621.000000 5135.000000 2
-2283.000000 -695.000000 2
-4435.000000 2589.000000 2
1373.000000 1265.000000 2
-1479.000000 2692.000000 2
-5356.000000 -1782.000000 2
-2521.000000 1519.000000 2
-1151.000000 3577.000000 2
-2095.000000 -3782.000000 2
1305.000000 -1092.000000 2
179.000000 -1290.000000 2
3282.000000 -4688.000000 2
1404.000000 -3697.000000 2
-3526.000000 5557.000000 2
2277.000000 1229.000000 2
-5752.000000 -4971.000000 2
1634.000000 1816.000000 2
1426.000000 -5757.000000 2
311.000000 -4801.000000 2
-2847.000000 -5311.000000 2
-1235.000000 1467.000000 2
-3998.000000 -475.000000 2
390.000000 -3153.000000 2
-3969.000000 -3748.000000 2
845.000000 2323.000000 2
3534.000000 -2321.000000 2
-2992.000000 -5678.000000 2
-3704.000000 -5083.000000 2
498.000000 1264.000000 2
-3364.000000 -1751.000000 2
-4803.000000 5552.000000 2
-732.000000 845.000000 2
53.000000 -4620.000000 2
-5511.000000 1936.000000 2
3987.000000 1958.000000 2
-2109.000000 -3108.000000 2
-4944.000000 2231.000000 2
5427.000000 1107.000000 2
1216.000000 -2425.000000 2
-395.000000 -1013.000000 2
193.000000 -4636.000000 2
-4192.000000 2647.000000 2
-4812.000000 -1514.000000 2
4400.000000 -4247.000000 2
-2837.000000 -4006.000000 2
5558.000000 -4876.000000 2
-5564.000000 5070.000000 2
1741.000000 3223.000000 2
-4907.000000 -4979.000000 2
1072.000000 3831.000000 2
-4120.000000 3322.000000 2
-1653.000000 -3029.000000 2
5065.000000 2594.000000 2
4048.000000 606.000000 2
-2594.000000 669.000000 2
1611.000000 3632.000000 2
726.000000 2326.000000 2
1943.000000 -162.000000 2
-251.000000 2411.000000 2
-270.000000 -316.000000 2
239.000000 -2953.000000 2
-1298.000000 -3680.000000 2
2338.000000 -114.000000 2
3626.000000 2393.000000 2
4618.000000 745.000000 2
-3359.000000 -704.000000 2
-3233.000000 -5213.000000 2
-735.000000 789.000000 2
-4895.000000 -254.000000 2
-4641.000000 2509.000000 2
2663.000000 -5862.000000 2
-1304.000000 -5198.000000 2
-2604.000000 -3761.000000 2
-645.000000 -2644.000000 2
4747.000000 -1959.000000 2
2870.000000 5503.000000 2
5509.000000 3021.000000 2
-4402.000000 -1323.000000 2
-4031.000000 5146.000000 2
867.000000 -4483.000000 2
667.000000 2448.000000 2
-205.000000 -3596.000000 2
-2017.000000 3048.000000 2
-1395.000000 -5469.000000 2
5664.000000 -4000.000000 2
-311.000000 -2616.000000 2
-1052.000000 2726.000000 2
1334.000000 -262.000000 2
2562.000000 -905.000000 2
-5708.000000 -920.000000 2
5264.000000 4360.000000 2
1156.000000 3393.000000 2
-3370.000000 -4059.000000 2
-163.000000 -583.000000 2
-1818.000000 -4808.000000 2
1856.000000 -2550.000000 2
-80.000000 1612.000000 2
-4339.000000 377.000000 2
-1647.000000 -4462.000000 2
3543.000000 -1317.000000 2
-436.000000 4324.000000 2
662.000000 -1192.000000 2
-1219.000000 -4856.000000 2
604.000000 143.000000 2
1225.000000 -5832.000000 2
-2165.000000 3738.000000 2
-2599.000000 -448.000000 2
-2396.000000 -1997.000000 2
-1335.000000 2183.000000 2
1378.000000 -1994.000000 2
2396.000000 1873.000000 2
201.000000 -4023.000000 2
-1838.000000 -1628.000000 2
-5959.000000 -2086.000000 2
-2275.000000 2729.000000 2
-2296.000000 2056.000000 2
4112.000000 4502.000000 2
1039.000000 -5564.000000 2
-5063.000000 -5622.000000 2
-894.000000 5113.000000 2
2257.000000 1688.000000 2
5126.000000 -2934.000000 2
-3247.000000 -1464.000000 2
-4321.000000 2907.000000 2
-2681.000000 5242.000000 2
-1753.000000 -5709.000000 2
-2487.000000 -5459.000000 2
1958.000000 -191.000000 2
-1111.000000 1215.000000 2
1726.000000 -5444.000000 2
2506.000000 2293.000000 2
1158.000000 4687.000000 2
-3822.000000 -1027.000000 2
-358.000000 469.000000 2
-320.000000 146.000000 2
-112.000000 2208.000000 2
1472.000000 3168.000000 2
-5554.000000 -1119.000000 2
-4995.000000 -4727.000000 2
1595.000000 -4157.000000 2
4471.000000 -3032.000000 2
2067.000000 5593.000000 2
693.000000 -5485.000000 2
-1601.000000 -2950.000000 2
-3300.000000 -250.000000 2
-3356.000000 393.000000 2
2592.000000 -3362.000000 2
-4806.000000 3546.000000 2
5115.000000 -1469.000000 2
128.000000 1649.000000 2
1372.000000 4137.000000 2
-5553.000000 -83.000000 2
-2207.000000 2776.000000 2
3372.000000 -2458.000000 2
-2200.000000 -309.000000 2
1249.000000 -3757.000000 2
-4126.000000 -4905.000000 2
5294.000000 -3921.000000 2
-343.000000 2157.000000 2
-1220.000000 -4196.000000 2
-2860.000000 -2527.000000 2
-5677.000000 2824.000000 2
-2327.000000 3211.000000 2
-3379.000000 1296.000000 2
-2158.000000 -4914.000000 2
-1014.000000 1570.000000 2
2323.000000 -4457.000000 2
1029.000000 -1881.000000 2
4314.000000 -5432.000000 2
-922.000000 3489.000000 2
2104.000000 4918.000000 2
1754.000000 5233.000000 2
3919.000000 -1520.000000 2
-3552.000000 3229.000000 2
-4851.000000 -4511.000000 2
806.000000 -4432.000000 2
88.000000 696.000000 2
-2413.000000 5794.000000 2
3690.000000 -1339.000000 2
2853.000000 -4775.000000 2
-3009.000000 903.000000 2
-5697.000000 -400.000000 2
-3827.000000 2596.000000 2
27.000000 -841.000000 2
-5228.000000 -584.000000 2
-1658.000000 -1061.000000 2
3605.000000 -4878.000000 2
-1332.000000 -5433.000000 2
3175.000000 -3205.000000 2
-1583.000000 299.000000 2
-4600.000000 344.000000 2
-2909.000000 -771.000000 2
-4399.000000 2386.000000 2
-1140.000000 2557.000000 2
-1618.000000 5140.000000 2
4364.000000 5854.000000 2
4300.000000 -5867.000000 2
998.000000 2881.000000 2
-3949.000000 -1577.000000 2
-4646.000000 2307.000000 2
-3690.000000 847.000000 2
-3533.000000 -5349.000000 2
1320.000000 -26.000000 2
2305.000000 -4771.000000 2
850.000000 -4097.000000 2
2922.000000 -5374.000000 2
-29.000000 -1478.000000 2
-2692.000000 2443.000000 2
-3321.000000 3864.000000 2
935.000000 2916.000000 2
-3494.000000 -2464.000000 2
1769.000000 5862.000000 2
-321.000000 -5950.000000 2
2825.000000 1407.000000 2
876.000000 730.000000 2
-5400.000000 3765.000000 2
-3287.000000 -489.000000 2
1429.000000 5001.000000 2
1753.000000 -3652.000000 2
2656.000000 -871.000000 2
4023.000000 -4282.000000 2
-2255.000000 1321.000000 2
-1627.000000 2095.000000 2
506.000000 1955.000000 2
-1343.000000 -3661.000000 2
362.000000 5980.000000 2
-3687.000000 -3759.000000 2
-1565.000000 857.000000 2
-4320.000000 -4492.000000 2
-2865.000000 -1519.000000 2
1825.000000 -4813.000000 2
-658.000000 -3339.000000 2
4404.000000 -4362.000000 2
-269.000000 -1394.000000 2
431.000000 3386.000000 2
2160.000000 1573.000000 2
-5281.000000 342.000000 2
5039.000000 -5655.000000 2
-4553.000000 799.000000 2
5251.000000 5740.000000 2
2279.000000 -5399.000000 2
-5634.000000 175.000000 2
-3855.000000 -4849.000000 2
1412.000000 2143.000000 2
-1736.000000 788.000000 2
1344.000000 -352.000000 2
-3366.000000 -4565.000000 2
-395.000000 -1719.000000 2
-2784.000000 116.000000 2
-5289.000000 2160.000000 2
2675.000000 -3799.000000 2
-5989.000000 328.000000 2
-399.000000 -4072.000000 2
-1747.000000 -5336.000000 2
288.000000 1713.000000 2
5025.000000 -5298.000000 2
-1534.000000 98.000000 2
3468.000000 -764.000000 2
-470.000000 -4639.000000 2
-269.000000 417.000000 2
1263.000000 -2550.000000 2
-1533.000000 -1165.000000 2
5758.000000 -5846.000000 2
1092.000000 -4389.000000 2
-2380.000000 2651.000000 2
-3160.000000 -1094.000000 2
-5940.000000 4176.000000 2
-920.000000 -3445.000000 2
3670.000000 -5484.000000 2
433.000000 -5904.000000 2
-983.000000 1582.000000 2
-710.000000 -2094.000000 2
-1222.000000 1864.000000 2
5018.000000 3907.000000 2
-1907.000000 1008.000000 2
3640.000000 -2394.000000 2
3916.000000 -5218.000000 2
3586.000000 978.000000 2
-3786.000000 -5545.000000 2
-2974.000000 5331.000000 2
-5735.000000 -2862.000000 2
-4882.000000 -5839.000000 2
5955.000000 665.000000 2
-545.000000 -587.000000 2
-3595.000000 -1966.000000 2
-3003.000000 -4535.000000 2
-454.000000 3422.000000 2
5496.000000 2111.000000 2
2646.000000 -5951.000000 2
5201.000000 -2219.000000 2
-5822.000000 -3804.000000 2
-165.000000 2263.000000 2
-4361.000000 2584.000000 2
2916.000000 325.000000 2
-3959.000000 2492.000000 2
-455.000000 -3721.000000 2
2903.000000 -1248.000000 2
913.000000 -2209.000000 2
1983.000000 -4246.000000 2
-1560.000000 3918.000000 2
3159.000000 1529.000000 2
5423.000000 -3559.000000 2
5274.000000 -4247.000000 2
-3230.000000 3005.000000 2
-321.000000 5463.000000 2
-198.000000 1761.000000 2
5456.000000 4997.000000 2
2692.000000 -1829.000000 2
-1510.000000 -1153.000000 2
-2798.000000 4437.000000 2
1536.000000 -4385.000000 2
-464.000000 -5775.000000 2
2229.000000 -370.000000 2
-5575.000000 3435.000000 2
-5206.000000 2572.000000 2
-213.000000 -4450.000000 2
1156.000000 -5901.000000 2
-5511.000000 -758.000000 2
5393.000000 -4937.000000 2
-5312.000000 5205.000000 2
-3107.000000 -4272.000000 2
1436.000000 -3473.000000 2
320.000000 -5478.000000 2
-1125.000000 5274.000000 2
1626.000000 -2852.000000 2
-2446.000000 1417.000000 2
-5214.000000 -1015.000000 2
-5201.000000 -5368.000000 2
-5188.000000 1188.000000 2
5454.000000 -419.000000 2
3593.000000 -3321.000000 2
-2000.000000 -4050.000000 2
-2973.000000 -1434.000000 2
5641.000000 5092.000000 2
2121.000000 3343.000000 2
-422.000000 1486.000000 2
1175.000000 -1644.000000 2
318.000000 72.000000 2
1721.000000 4621.000000 2
424.000000 -1092.000000 2
-3614.000000 951.000000 2
4685.000000 1450.000000 2
-1864.000000 194.000000 2
-5346.000000 -3643.000000 2
627.000000 3498.000000 2
-5671.000000 -5506.000000 2
1542.000000 -4093.000000 2
-5505.000000 1989.000000 2
-420.000000 -965.000000 2
5321.000000 3597.000000 2
-1305.000000 -3910.000000 2
215.000000 -912.000000 2
4053.000000 749.000000 2
-2038.000000 -4302.000000 2
868.000000 -1660.000000 2
-5101.000000 -1590.000000 2
-2952.000000 4536.000000 2
-2165.000000 1727.000000 2
-1046.000000 5105.000000 2
-5436.000000 -5745.000000 2
3523.000000 -3481.000000 2
-5952.000000 -2251.000000 2
-2103.000000 -5176.000000 2
-95.000000 -3604.000000 2
2265.000000 5497.000000 2
-128.000000 -1393.000000 2
-618.000000 4000.000000 2
1058.000000 -3357.000000 2
-768.000000 1890.000000 2
3015.000000 -4744.000000 2
1993.000000 5000.000000 2
-5691.000000 5739.000000 2
228.000000 -2393.000000 2
-3851.000000 -2480.000000 2
-5601.000000 -448.000000 2
-1716.000000 -3730.000000 2
-1709.000000 2565.000000 2
-4628.000000 -533.000000 2
633.000000 -2499.000000 2
3612.000000 -2871.000000 2
-1601.000000 5834.000000 2
3702.000000 817.000000 2
-2532.000000 -2423.000000 2
-2688.000000 -4752.000000 2
-2176.000000 5882.000000 2
-579.000000 -97.000000 2
-4881.000000 -5343.000000 2
2340.000000 4552.000000 2
-4049.000000 2219.000000 2
-5935.000000 2949.000000 2
-5344.000000 2869.000000 2
-4293.000000 3114.000000 2
-5172.000000 -4470.000000 2
-3802.000000 -3386.000000 2
287.000000 -3253.000000 2
-1319.000000 -1689.000000 2
-1287.000000 -3724.000000 2
51.000000 -4068.000000 2
2497.000000 -3011.000000 2
-3366.000000 4926.000000 2
2044.000000 -5282.000000 2
5492.000000 113.000000 2
-1474.000000 3638.000000 2
-1799.000000 -569.000000 2
101
1542.530938 104.701125 6.000000
-3495.594663 -4386.698601 5.100000
-4312.962316 -5302.400479 5.340000
2231.438127 -2916.452208 4.650000
2694.475986 3700.282402 4.980000
3997.267003 1885.673484 5.270000
-5083.082563 1280.292189 4.170000
-4919.928801 -448.175655 6.463185
3192.029622 940.403236 7.463185
-1285.047065 3220.753905 6.403185
1364.748446 -4534.121854 4.020000
1395.549341 1564.629789 3.710000
-5667.355666 -5667.832106 3.460000
-4174.594697 5293.942786 6.673185
4822.351761 1257.064139 3.570000
-5883.574353 -4410.500442 6.670000
-3349.385971 -5223.087092 2.570000
266.293442 -5098.047424 4.260000
-5217.138367 -1696.745129 5.040000
-4287.574182 -4278.411142 6.383185
3671.168943 1114.822515 2.140000
-3039.798416 542.864423 5.120000
-2176.966045 -2769.971133 3.730000
3324.824850 1879.635146 1.650000
-1148.120093 1747.264749 6.000000
5758.574533 -542.953674 2.400000
2095.537995 -318.058276 2.220000
-4559.630303 190.402833 6.663185
-4925.390073 2331.293362 7.090000
-800.944704 2556.395013 3.800000
-3373.869244 4344.730228 3.890000
-5191.122970 -5691.340978 6.533185
-924.229057 -1506.979561 6.203185
-1110.944115 -3328.221472 2.090000
-4014.383784 5774.662346 2.670000
5370.116244 -1512.989801 1.606815
-460.145272 -492.215992 4.280000
-456.084638 -246.172568 6.253185
-542.662290 -5273.695778 5.870000
697.164111 5276.962901 5.200000
457.637375 5047.885292 4.100000
-2133.596486 -4209.365418 4.140000
3499.549405 2841.926677 7.433185
-3511.697004 -3804.149193 1.710000
2082.157071 -898.202286 4.880000
4981.930958 3144.229651 3.910000
1535.990389 5264.172670 1.816815
-2544.647179 -4650.842891 7.243185
4506.784739 3883.808461 4.380000
4269.640795 1756.872607 6.970000
-5057.496876 966.469567 4.180000
-3212.101478 631.734622 6.260000
-4278.873908 -5691.340978 7.413185
-152.254983 5916.687333 4.730000
-3990.830242 -4169.715498 5.960000
-1784.588534 -2965.640661 7.373185
-3744.782706 -1616.892294 3.370000
-1988.214424 5083.224350 5.930000
-1966.808795 -3998.218324 7.283185
3442.108533 2888.921467 1.820000
5736.167638 -1060.329209 2.720000
-5718.790337 -4916.747586 2.700000
3347.873339 -904.325452 3.630000
307.163353 4717.074583 7.813185
4033.418157 -2564.654822 4.760000
2124.703471 5001.742609 5.880000
-2024.484147 3898.879999 3.780000
-5379.193243 1611.476932 5.420000
-5919.446830 4371.932549 5.220000
1879.069520 3127.049150 4.450000
1194.906656 -4169.504867 5.760000
-4162.864130 -857.886714 3.750000
-2529.250633 -3014.396069 2.870000
-2520.466186 4411.190120 3.640000
-3128.431726 -3178.571642 1.580000
186.530824 -703.597059 5.340000
1378.589909 -947.888493 4.070000
1751.549062 1392.483391 2.020000
-2262.421998 -2066.822066 2.370000
-3024.299166 -3276.964396 2.440000
-5838.161174 1463.812891 4.350000
1848.502914 2330.864373 6.690000
3070.620693 2394.430010 3.020000
-5461.283459 1607.542335 5.963185
-5131.012165 3816.455163 2.210000
514.715801 5476.188228 4.690000
-2967.290479 -104.966798 5.330000
-3843.844169 -2621.153704 7.083185
-3923.964872 5366.831551 5.040000
-3630.052403 4708.722737 7.183185
-5827.605352 -1808.991667 6.813185
-3520.015772 -74.006289 7.403185
-571.902231 -82.910339 4.000000
3823.930181 362.275409 3.900000
2136.544912 -4482.530223 6.523185
-5196.035910 -2811.220089 6.953185
3368.945513 -1689.960411 2.080000
-4104.107229 -1802.614348 6.360000
-1433.886590 3300.251339 2.370000
-4216.442235 981.631173 2.900000
-1943.621867 -2937.312578 3.920000
0
0 0
2.000000 1.200000 5.000000 50.000000
198 1000 2000 100
100.000854
